Reading instance from file benchmarks/huck.col
Number of nodes: 74
Number of edges: 602
Incidency list:
0: (0,43), (0,3), (0,68), (0,58), (0,12), (0,28), (0,39), (0,10), (0,49), (0,4), (0,24), (0,9), (0,62), (0,21), (0,8), (0,54), (0,71), (0,48), (3,0), (4,0), (8,0), (9,0), (10,0), (12,0), (21,0), (24,0), (28,0), (39,0), (43,0), (48,0), (49,0), (54,0), (58,0), (62,0), (68,0), (71,0), 
1: (1,45), (1,54), (1,61), (1,3), (1,73), (1,42), (1,50), (1,56), (1,40), (3,1), (40,1), (42,1), (45,1), (50,1), (54,1), (56,1), (61,1), (73,1), 
2: (2,52), (2,51), (2,54), (2,8), (8,2), (51,2), (52,2), (54,2), 
3: (0,3), (1,3), (3,68), (3,0), (3,8), (3,21), (3,48), (3,62), (3,67), (3,59), (3,18), (3,55), (3,26), (3,45), (3,54), (3,1), (3,72), (3,42), (3,61), (3,46), (3,66), (3,11), (3,56), (3,31), (3,70), (3,44), (3,40), (8,3), (11,3), (18,3), (21,3), (26,3), (31,3), (40,3), (42,3), (44,3), (45,3), (46,3), (48,3), (54,3), (55,3), (56,3), (59,3), (61,3), (62,3), (66,3), (67,3), (68,3), (70,3), (72,3), 
4: (0,4), (4,58), (4,12), (4,28), (4,39), (4,10), (4,49), (4,24), (4,48), (4,0), (4,54), (10,4), (12,4), (24,4), (28,4), (39,4), (48,4), (49,4), (54,4), (58,4), 
5: (5,63), (5,22), (5,20), (5,16), (5,33), (5,38), (5,19), (5,54), (16,5), (19,5), (20,5), (22,5), (33,5), (38,5), (54,5), (63,5), 
6: (6,69), (69,6), 
7: (7,13), (7,43), (7,8), (7,51), (7,37), (7,30), (7,17), (8,7), (13,7), (17,7), (30,7), (37,7), (43,7), (51,7), 
8: (0,8), (2,8), (3,8), (7,8), (8,68), (8,3), (8,71), (8,9), (8,65), (8,0), (8,48), (8,7), (8,13), (8,43), (8,37), (8,30), (8,17), (8,2), (8,52), (8,51), (8,21), (8,54), (9,8), (13,8), (17,8), (21,8), (30,8), (37,8), (43,8), (48,8), (51,8), (52,8), (54,8), (65,8), (68,8), (71,8), 
9: (0,9), (8,9), (9,71), (9,0), (9,48), (9,54), (9,8), (48,9), (54,9), (71,9), 
10: (0,10), (4,10), (10,58), (10,12), (10,28), (10,39), (10,49), (10,4), (10,24), (10,48), (10,0), (10,54), (12,10), (24,10), (28,10), (39,10), (48,10), (49,10), (54,10), (58,10), 
11: (3,11), (11,54), (11,72), (11,42), (11,61), (11,3), (11,46), (11,66), (11,56), (11,40), (40,11), (42,11), (46,11), (54,11), (56,11), (61,11), (66,11), (72,11), 
12: (0,12), (4,12), (10,12), (12,58), (12,28), (12,39), (12,10), (12,49), (12,4), (12,24), (12,48), (12,0), (12,54), (24,12), (28,12), (39,12), (48,12), (49,12), (54,12), (58,12), 
13: (7,13), (8,13), (13,7), (13,43), (13,8), (13,51), (13,37), (13,30), (13,17), (17,13), (30,13), (37,13), (43,13), (51,13), 
14: (14,21), (14,54), (21,14), (54,14), 
15: (15,64), (15,54), (54,15), (64,15), 
16: (5,16), (16,27), (16,29), (16,63), (16,22), (16,20), (16,5), (16,33), (16,38), (16,19), (16,54), (19,16), (20,16), (22,16), (27,16), (29,16), (33,16), (38,16), (54,16), (63,16), 
17: (7,17), (8,17), (13,17), (17,21), (17,7), (17,13), (17,43), (17,8), (17,51), (17,37), (17,23), (17,30), (17,54), (21,17), (23,17), (30,17), (37,17), (43,17), (51,17), (54,17), 
18: (3,18), (18,67), (18,54), (18,59), (18,72), (18,3), (18,55), (18,26), (18,56), (18,40), (26,18), (40,18), (54,18), (55,18), (56,18), (59,18), (67,18), (72,18), 
19: (5,19), (16,19), (19,63), (19,22), (19,20), (19,16), (19,5), (19,33), (19,38), (19,54), (20,19), (22,19), (33,19), (38,19), (54,19), (63,19), 
20: (5,20), (16,20), (19,20), (20,63), (20,22), (20,16), (20,5), (20,33), (20,38), (20,19), (20,54), (22,20), (33,20), (38,20), (54,20), (63,20), 
21: (0,21), (3,21), (8,21), (14,21), (17,21), (21,17), (21,43), (21,68), (21,48), (21,3), (21,65), (21,62), (21,0), (21,60), (21,25), (21,56), (21,40), (21,14), (21,41), (21,54), (21,8), (25,21), (40,21), (41,21), (43,21), (48,21), (54,21), (56,21), (60,21), (62,21), (65,21), (68,21), 
22: (5,22), (16,22), (19,22), (20,22), (22,29), (22,63), (22,20), (22,16), (22,5), (22,33), (22,38), (22,19), (22,54), (29,22), (33,22), (38,22), (54,22), (63,22), 
23: (17,23), (23,17), (23,30), (23,41), (23,54), (30,23), (41,23), (54,23), 
24: (0,24), (4,24), (10,24), (12,24), (24,58), (24,12), (24,28), (24,39), (24,10), (24,49), (24,4), (24,48), (24,0), (24,54), (28,24), (39,24), (48,24), (49,24), (54,24), (58,24), 
25: (21,25), (25,21), 
26: (3,26), (18,26), (26,67), (26,54), (26,59), (26,18), (26,72), (26,56), (26,40), (26,3), (26,55), (26,61), (40,26), (54,26), (55,26), (56,26), (59,26), (61,26), (67,26), (72,26), 
27: (16,27), (27,16), 
28: (0,28), (4,28), (10,28), (12,28), (24,28), (28,58), (28,12), (28,39), (28,10), (28,49), (28,4), (28,24), (28,48), (28,0), (28,54), (39,28), (48,28), (49,28), (54,28), (58,28), 
29: (16,29), (22,29), (29,22), (29,54), (29,16), (54,29), 
30: (7,30), (8,30), (13,30), (17,30), (23,30), (30,7), (30,13), (30,43), (30,8), (30,51), (30,37), (30,23), (30,17), (30,54), (37,30), (43,30), (51,30), (54,30), 
31: (3,31), (31,3), (31,70), (70,31), 
32: (32,48), (48,32), 
33: (5,33), (16,33), (19,33), (20,33), (22,33), (33,63), (33,22), (33,20), (33,16), (33,5), (33,38), (33,19), (33,54), (38,33), (54,33), (63,33), 
34: (34,47), (34,57), (47,34), (57,34), 
35: (35,59), (35,54), (35,56), (35,40), (40,35), (54,35), (56,35), (59,35), 
36: (36,71), (36,48), (48,36), (71,36), 
37: (7,37), (8,37), (13,37), (17,37), (30,37), (37,7), (37,13), (37,43), (37,8), (37,51), (37,30), (37,17), (43,37), (51,37), 
38: (5,38), (16,38), (19,38), (20,38), (22,38), (33,38), (38,63), (38,22), (38,20), (38,16), (38,5), (38,33), (38,19), (38,54), (54,38), (63,38), 
39: (0,39), (4,39), (10,39), (12,39), (24,39), (28,39), (39,58), (39,12), (39,28), (39,10), (39,49), (39,4), (39,24), (39,48), (39,0), (39,54), (48,39), (49,39), (54,39), (58,39), 
40: (1,40), (3,40), (11,40), (18,40), (21,40), (26,40), (35,40), (40,67), (40,59), (40,18), (40,72), (40,55), (40,26), (40,45), (40,1), (40,73), (40,42), (40,50), (40,61), (40,46), (40,66), (40,11), (40,35), (40,3), (40,56), (40,21), (40,54), (42,40), (45,40), (46,40), (50,40), (54,40), (55,40), (56,40), (59,40), (61,40), (66,40), (67,40), (72,40), (73,40), 
41: (21,41), (23,41), (41,21), (41,54), (41,23), (54,41), 
42: (1,42), (3,42), (11,42), (40,42), (42,46), (42,66), (42,11), (42,72), (42,3), (42,1), (42,73), (42,50), (42,56), (42,40), (46,42), (50,42), (56,42), (66,42), (72,42), (73,42), 
43: (0,43), (7,43), (8,43), (13,43), (17,43), (21,43), (30,43), (37,43), (43,21), (43,0), (43,54), (43,48), (43,7), (43,13), (43,8), (43,51), (43,37), (43,30), (43,17), (48,43), (51,43), (54,43), 
44: (3,44), (44,3), (44,70), (70,44), 
45: (1,45), (3,45), (40,45), (45,54), (45,61), (45,3), (45,56), (45,40), (45,1), (54,45), (56,45), (61,45), 
46: (3,46), (11,46), (40,46), (42,46), (46,54), (46,72), (46,42), (46,61), (46,3), (46,66), (46,11), (46,56), (46,40), (54,46), (56,46), (61,46), (66,46), (72,46), 
47: (34,47), (47,34), (47,57), (57,47), 
48: (0,48), (3,48), (4,48), (8,48), (9,48), (10,48), (12,48), (21,48), (24,48), (28,48), (32,48), (36,48), (39,48), (43,48), (48,43), (48,21), (48,68), (48,58), (48,12), (48,28), (48,39), (48,10), (48,49), (48,4), (48,24), (48,3), (48,32), (48,9), (48,8), (48,36), (48,0), (48,54), (48,71), (49,48), (54,48), (58,48), (68,48), (71,48), 
49: (0,49), (4,49), (10,49), (12,49), (24,49), (28,49), (39,49), (48,49), (49,58), (49,12), (49,28), (49,39), (49,10), (49,4), (49,24), (49,48), (49,0), (49,54), (54,49), (58,49), 
50: (1,50), (40,50), (42,50), (50,1), (50,73), (50,42), (50,56), (50,40), (56,50), (73,50), 
51: (2,51), (7,51), (8,51), (13,51), (17,51), (30,51), (37,51), (43,51), (51,7), (51,13), (51,43), (51,37), (51,30), (51,17), (51,2), (51,52), (51,54), (51,8), (52,51), (54,51), 
52: (2,52), (8,52), (51,52), (52,2), (52,51), (52,54), (52,8), (54,52), 
53: (53,54), (54,53), 
54: (0,54), (1,54), (2,54), (3,54), (4,54), (5,54), (8,54), (9,54), (10,54), (11,54), (12,54), (14,54), (15,54), (16,54), (17,54), (18,54), (19,54), (20,54), (21,54), (22,54), (23,54), (24,54), (26,54), (28,54), (29,54), (30,54), (33,54), (35,54), (38,54), (39,54), (40,54), (41,54), (43,54), (45,54), (46,54), (48,54), (49,54), (51,54), (52,54), (53,54), (54,43), (54,58), (54,12), (54,28), (54,39), (54,10), (54,49), (54,4), (54,24), (54,68), (54,9), (54,65), (54,0), (54,71), (54,48), (54,67), (54,59), (54,18), (54,72), (54,55), (54,26), (54,45), (54,3), (54,1), (54,61), (54,46), (54,66), (54,11), (54,35), (54,56), (54,40), (54,14), (54,29), (54,63), (54,22), (54,20), (54,16), (54,5), (54,33), (54,38), (54,19), (54,64), (54,15), (54,53), (54,17), (54,30), (54,2), (54,52), (54,51), (54,21), (54,41), (54,23), (54,8), (55,54), (56,54), (58,54), (59,54), (61,54), (63,54), (64,54), (65,54), (66,54), (67,54), (68,54), (71,54), (72,54), 
55: (3,55), (18,55), (26,55), (40,55), (54,55), (55,67), (55,54), (55,59), (55,18), (55,72), (55,56), (55,40), (55,3), (55,26), (56,55), (59,55), (67,55), (72,55), 
56: (1,56), (3,56), (11,56), (18,56), (21,56), (26,56), (35,56), (40,56), (42,56), (45,56), (46,56), (50,56), (54,56), (55,56), (56,67), (56,59), (56,18), (56,72), (56,55), (56,26), (56,45), (56,1), (56,73), (56,42), (56,50), (56,61), (56,46), (56,66), (56,11), (56,35), (56,3), (56,40), (56,21), (56,54), (59,56), (61,56), (66,56), (67,56), (72,56), (73,56), 
57: (34,57), (47,57), (57,34), (57,47), 
58: (0,58), (4,58), (10,58), (12,58), (24,58), (28,58), (39,58), (48,58), (49,58), (54,58), (58,12), (58,28), (58,39), (58,10), (58,49), (58,4), (58,24), (58,48), (58,0), (58,54), 
59: (3,59), (18,59), (26,59), (35,59), (40,59), (54,59), (55,59), (56,59), (59,35), (59,67), (59,54), (59,18), (59,72), (59,3), (59,55), (59,26), (59,56), (59,40), (67,59), (72,59), 
60: (21,60), (60,21), 
61: (1,61), (3,61), (11,61), (26,61), (40,61), (45,61), (46,61), (54,61), (56,61), (61,45), (61,1), (61,54), (61,3), (61,46), (61,66), (61,11), (61,56), (61,40), (61,26), (66,61), 
62: (0,62), (3,62), (21,62), (62,3), (62,0), (62,21), 
63: (5,63), (16,63), (19,63), (20,63), (22,63), (33,63), (38,63), (54,63), (63,22), (63,20), (63,16), (63,5), (63,33), (63,38), (63,19), (63,54), 
64: (15,64), (54,64), (64,15), (64,54), 
65: (8,65), (21,65), (54,65), (65,21), (65,54), (65,8), 
66: (3,66), (11,66), (40,66), (42,66), (46,66), (54,66), (56,66), (61,66), (66,54), (66,72), (66,42), (66,61), (66,3), (66,46), (66,11), (66,56), (66,40), (72,66), 
67: (3,67), (18,67), (26,67), (40,67), (54,67), (55,67), (56,67), (59,67), (67,54), (67,59), (67,18), (67,72), (67,3), (67,55), (67,26), (67,56), (67,40), (72,67), 
68: (0,68), (3,68), (8,68), (21,68), (48,68), (54,68), (68,3), (68,21), (68,8), (68,0), (68,48), (68,54), 
69: (6,69), (69,6), 
70: (3,70), (31,70), (44,70), (70,31), (70,3), (70,44), 
71: (0,71), (8,71), (9,71), (36,71), (48,71), (54,71), (71,9), (71,8), (71,36), (71,0), (71,54), (71,48), 
72: (3,72), (11,72), (18,72), (26,72), (40,72), (42,72), (46,72), (54,72), (55,72), (56,72), (59,72), (66,72), (67,72), (72,67), (72,54), (72,59), (72,18), (72,55), (72,26), (72,56), (72,40), (72,46), (72,66), (72,11), (72,42), (72,3), 
73: (1,73), (40,73), (42,73), (50,73), (56,73), (73,1), (73,42), (73,50), (73,56), (73,40), 
Trying with k = 37
searching in [0, 74]
found solution (current time 0.086442): 
Solution: 
0: 4
1: 6
2: 2
3: 2
4: 2
5: 4
6: 1
7: 1
8: 6
9: 2
10: 5
11: 6
12: 6
13: 7
14: 2
15: 2
16: 2
17: 3
18: 8
19: 5
20: 6
21: 5
22: 3
23: 5
24: 10
25: 1
26: 6
27: 1
28: 7
29: 4
30: 4
31: 3
32: 1
33: 8
34: 1
35: 2
36: 1
37: 8
38: 7
39: 8
40: 3
41: 2
42: 1
43: 2
44: 3
45: 7
46: 7
47: 2
48: 3
49: 9
50: 2
51: 5
52: 3
53: 2
54: 1
55: 9
56: 4
57: 3
58: 11
59: 7
60: 1
61: 5
62: 1
63: 9
64: 3
65: 2
66: 8
67: 10
68: 7
69: 2
70: 1
71: 5
72: 5
73: 5
Trying with k = 19
searching in [0, 37]
found solution (current time 0.131185): 
Solution: 
0: 4
1: 6
2: 2
3: 2
4: 2
5: 4
6: 1
7: 1
8: 6
9: 2
10: 5
11: 6
12: 6
13: 7
14: 2
15: 2
16: 2
17: 3
18: 8
19: 5
20: 6
21: 5
22: 3
23: 5
24: 10
25: 1
26: 6
27: 1
28: 7
29: 4
30: 4
31: 3
32: 1
33: 8
34: 1
35: 2
36: 1
37: 8
38: 7
39: 8
40: 3
41: 2
42: 1
43: 2
44: 3
45: 7
46: 7
47: 2
48: 3
49: 9
50: 2
51: 5
52: 3
53: 2
54: 1
55: 9
56: 4
57: 3
58: 11
59: 7
60: 1
61: 5
62: 1
63: 9
64: 3
65: 2
66: 8
67: 10
68: 7
69: 2
70: 1
71: 5
72: 5
73: 5
Trying with k = 10
searching in [0, 19]
not found
Took 10800.1 seconds
Visited 19340360 nodes
Tried 46263894 colors for the nodes
Time limit reached without finding a solution
