Reading instance from file benchmarks/jean.col
Number of nodes: 80
Number of edges: 508
Incidency list:
0: (0,13), (13,0), 
1: (1,36), (1,74), (1,13), (13,1), (36,1), (74,1), 
2: (2,53), (2,45), (2,36), (2,27), (2,4), (2,59), (2,56), (2,43), (2,62), (2,39), (2,68), (2,24), (2,26), (2,72), (2,32), (4,2), (24,2), (26,2), (27,2), (32,2), (36,2), (39,2), (43,2), (45,2), (53,2), (56,2), (59,2), (62,2), (68,2), (72,2), 
3: (3,49), (3,78), (3,6), (3,71), (3,46), (3,18), (3,33), (3,67), (3,8), (3,65), (6,3), (8,3), (18,3), (33,3), (46,3), (49,3), (65,3), (67,3), (71,3), (78,3), 
4: (2,4), (4,21), (4,9), (4,19), (4,38), (4,16), (4,36), (4,27), (4,2), (9,4), (16,4), (19,4), (21,4), (27,4), (36,4), (38,4), 
5: (5,56), (5,15), (5,47), (5,71), (5,36), (5,34), (5,54), (5,57), (5,27), (15,5), (27,5), (34,5), (36,5), (47,5), (54,5), (56,5), (57,5), (71,5), 
6: (3,6), (6,14), (6,46), (6,49), (6,3), (6,78), (6,8), (6,65), (6,37), (6,33), (6,71), (6,67), (6,18), (8,6), (14,6), (18,6), (33,6), (37,6), (46,6), (49,6), (65,6), (67,6), (71,6), (78,6), 
7: (7,71), (7,55), (55,7), (71,7), 
8: (3,8), (6,8), (8,36), (8,37), (8,34), (8,27), (8,46), (8,49), (8,18), (8,78), (8,65), (8,6), (8,71), (8,3), (8,67), (8,14), (8,33), (14,8), (18,8), (27,8), (33,8), (34,8), (36,8), (37,8), (46,8), (49,8), (65,8), (67,8), (71,8), (78,8), 
9: (4,9), (9,4), (9,36), (9,21), (9,19), (9,38), (9,16), (16,9), (19,9), (21,9), (36,9), (38,9), 
10: (10,41), (10,71), (41,10), (71,10), 
11: (11,13), (13,11), 
12: (12,42), (42,12), 
13: (0,13), (1,13), (11,13), (13,36), (13,79), (13,40), (13,64), (13,31), (13,23), (13,11), (13,1), (13,74), (13,0), (23,13), (31,13), (36,13), (40,13), (64,13), (74,13), (79,13), 
14: (6,14), (8,14), (14,78), (14,71), (14,6), (14,18), (14,47), (14,56), (14,32), (14,36), (14,58), (14,67), (14,8), (14,33), (14,65), (14,25), (14,37), (14,75), (14,22), (14,76), (14,28), (18,14), (22,14), (25,14), (28,14), (32,14), (33,14), (36,14), (37,14), (47,14), (56,14), (58,14), (65,14), (67,14), (71,14), (75,14), (76,14), (78,14), 
15: (5,15), (15,5), (15,34), (15,47), (15,71), (15,56), (15,54), (15,57), (34,15), (47,15), (54,15), (56,15), (57,15), (71,15), 
16: (4,16), (9,16), (16,21), (16,9), (16,19), (16,4), (16,38), (16,36), (19,16), (21,16), (36,16), (38,16), 
17: (17,43), (17,56), (17,47), (43,17), (47,17), (56,17), 
18: (3,18), (6,18), (8,18), (14,18), (18,14), (18,37), (18,67), (18,49), (18,78), (18,8), (18,33), (18,71), (18,46), (18,3), (18,65), (18,6), (33,18), (37,18), (46,18), (49,18), (65,18), (67,18), (71,18), (78,18), 
19: (4,19), (9,19), (16,19), (19,4), (19,36), (19,21), (19,9), (19,38), (19,16), (21,19), (36,19), (38,19), 
20: 
21: (4,21), (9,21), (16,21), (19,21), (21,4), (21,36), (21,9), (21,19), (21,38), (21,16), (36,21), (38,21), 
22: (14,22), (22,14), (22,76), (76,22), 
23: (13,23), (23,13), 
24: (2,24), (24,2), (24,62), (24,39), (24,68), (24,26), (24,72), (24,32), (26,24), (32,24), (39,24), (62,24), (68,24), (72,24), 
25: (14,25), (25,58), (25,76), (25,14), (25,28), (28,25), (58,25), (76,25), 
26: (2,26), (24,26), (26,2), (26,62), (26,39), (26,68), (26,24), (26,72), (26,32), (32,26), (39,26), (62,26), (68,26), (72,26), 
27: (2,27), (4,27), (5,27), (8,27), (27,29), (27,58), (27,71), (27,8), (27,5), (27,34), (27,54), (27,43), (27,57), (27,63), (27,56), (27,45), (27,30), (27,2), (27,4), (27,36), (27,42), (29,27), (30,27), (34,27), (36,27), (42,27), (43,27), (45,27), (54,27), (56,27), (57,27), (58,27), (63,27), (71,27), 
28: (14,28), (25,28), (28,36), (28,58), (28,14), (28,76), (28,25), (28,35), (28,44), (35,28), (36,28), (44,28), (58,28), (76,28), 
29: (27,29), (29,36), (29,27), (29,58), (36,29), (58,29), 
30: (27,30), (30,27), (30,36), (36,30), 
31: (13,31), (31,13), 
32: (2,32), (14,32), (24,32), (26,32), (32,58), (32,14), (32,2), (32,62), (32,39), (32,68), (32,24), (32,26), (32,72), (39,32), (58,32), (62,32), (68,32), (72,32), 
33: (3,33), (6,33), (8,33), (14,33), (18,33), (33,46), (33,49), (33,18), (33,78), (33,47), (33,37), (33,6), (33,71), (33,3), (33,67), (33,8), (33,65), (33,14), (37,33), (46,33), (47,33), (49,33), (65,33), (67,33), (71,33), (78,33), 
34: (5,34), (8,34), (15,34), (27,34), (34,8), (34,15), (34,47), (34,5), (34,27), (34,43), (34,36), (34,54), (34,57), (34,56), (36,34), (43,34), (47,34), (54,34), (56,34), (57,34), 
35: (28,35), (35,28), 
36: (1,36), (2,36), (4,36), (5,36), (8,36), (9,36), (13,36), (14,36), (16,36), (19,36), (21,36), (27,36), (28,36), (29,36), (30,36), (34,36), (36,28), (36,76), (36,65), (36,8), (36,71), (36,29), (36,5), (36,34), (36,54), (36,57), (36,14), (36,77), (36,63), (36,56), (36,43), (36,58), (36,21), (36,9), (36,19), (36,4), (36,38), (36,16), (36,30), (36,60), (36,45), (36,2), (36,27), (36,42), (36,52), (36,69), (36,13), (36,74), (36,1), (36,66), (36,59), (36,61), (38,36), (42,36), (43,36), (45,36), (52,36), (54,36), (56,36), (57,36), (58,36), (59,36), (60,36), (61,36), (63,36), (65,36), (66,36), (69,36), (71,36), (74,36), (76,36), (77,36), 
37: (6,37), (8,37), (14,37), (18,37), (33,37), (37,78), (37,71), (37,18), (37,65), (37,8), (37,6), (37,33), (37,67), (37,47), (37,51), (37,14), (47,37), (51,37), (65,37), (67,37), (71,37), (78,37), 
38: (4,38), (9,38), (16,38), (19,38), (21,38), (36,38), (38,21), (38,9), (38,19), (38,4), (38,16), (38,36), 
39: (2,39), (24,39), (26,39), (32,39), (39,2), (39,62), (39,68), (39,24), (39,26), (39,72), (39,32), (62,39), (68,39), (72,39), 
40: (13,40), (40,13), 
41: (10,41), (41,10), (41,71), (71,41), 
42: (12,42), (27,42), (36,42), (42,12), (42,77), (42,27), (42,36), (77,42), 
43: (2,43), (17,43), (27,43), (34,43), (36,43), (43,73), (43,27), (43,34), (43,54), (43,57), (43,17), (43,47), (43,36), (43,58), (43,56), (43,2), (47,43), (54,43), (56,43), (57,43), (58,43), (73,43), 
44: (28,44), (44,75), (44,28), (75,44), 
45: (2,45), (27,45), (36,45), (45,27), (45,2), (45,36), (45,53), (53,45), 
46: (3,46), (6,46), (8,46), (18,46), (33,46), (46,8), (46,71), (46,33), (46,6), (46,3), (46,18), (46,65), (65,46), (71,46), 
47: (5,47), (14,47), (15,47), (17,47), (33,47), (34,47), (37,47), (43,47), (47,33), (47,5), (47,34), (47,54), (47,15), (47,57), (47,37), (47,14), (47,56), (47,43), (47,17), (54,47), (56,47), (57,47), 
48: 
49: (3,49), (6,49), (8,49), (18,49), (33,49), (49,67), (49,3), (49,18), (49,78), (49,8), (49,65), (49,33), (49,6), (49,71), (65,49), (67,49), (71,49), (78,49), 
50: (50,56), (56,50), 
51: (37,51), (51,37), 
52: (36,52), (52,36), 
53: (2,53), (45,53), (53,2), (53,45), 
54: (5,54), (15,54), (27,54), (34,54), (36,54), (43,54), (47,54), (54,47), (54,71), (54,15), (54,5), (54,27), (54,43), (54,36), (54,34), (54,57), (54,56), (56,54), (57,54), (71,54), 
55: (7,55), (55,7), 
56: (2,56), (5,56), (14,56), (15,56), (17,56), (27,56), (34,56), (36,56), (43,56), (47,56), (50,56), (54,56), (56,5), (56,71), (56,15), (56,34), (56,54), (56,57), (56,17), (56,58), (56,47), (56,14), (56,27), (56,36), (56,50), (56,75), (56,2), (56,43), (57,56), (58,56), (71,56), (75,56), 
57: (5,57), (15,57), (27,57), (34,57), (36,57), (43,57), (47,57), (54,57), (56,57), (57,47), (57,71), (57,15), (57,5), (57,27), (57,43), (57,36), (57,34), (57,54), (57,56), (71,57), 
58: (14,58), (25,58), (27,58), (28,58), (29,58), (32,58), (36,58), (43,58), (56,58), (58,28), (58,76), (58,27), (58,29), (58,25), (58,56), (58,32), (58,14), (58,63), (58,36), (58,43), (63,58), (76,58), 
59: (2,59), (36,59), (59,2), (59,36), 
60: (36,60), (60,36), 
61: (36,61), (61,36), 
62: (2,62), (24,62), (26,62), (32,62), (39,62), (62,2), (62,39), (62,68), (62,24), (62,26), (62,72), (62,32), (68,62), (72,62), 
63: (27,63), (36,63), (58,63), (63,27), (63,58), (63,36), 
64: (13,64), (64,13), 
65: (3,65), (6,65), (8,65), (14,65), (18,65), (33,65), (36,65), (37,65), (46,65), (49,65), (65,36), (65,37), (65,67), (65,49), (65,78), (65,8), (65,6), (65,71), (65,46), (65,18), (65,3), (65,33), (65,14), (67,65), (71,65), (78,65), 
66: (36,66), (66,36), 
67: (3,67), (6,67), (8,67), (14,67), (18,67), (33,67), (37,67), (49,67), (65,67), (67,18), (67,65), (67,78), (67,49), (67,37), (67,6), (67,71), (67,3), (67,14), (67,8), (67,33), (71,67), (78,67), 
68: (2,68), (24,68), (26,68), (32,68), (39,68), (62,68), (68,2), (68,62), (68,39), (68,24), (68,26), (68,72), (68,32), (72,68), 
69: (36,69), (69,36), 
70: 
71: (3,71), (5,71), (6,71), (7,71), (8,71), (10,71), (14,71), (15,71), (18,71), (27,71), (33,71), (36,71), (37,71), (41,71), (46,71), (49,71), (54,71), (56,71), (57,71), (65,71), (67,71), (71,36), (71,14), (71,37), (71,27), (71,46), (71,49), (71,3), (71,18), (71,78), (71,8), (71,65), (71,6), (71,33), (71,67), (71,56), (71,54), (71,15), (71,57), (71,5), (71,10), (71,41), (71,7), (78,71), 
72: (2,72), (24,72), (26,72), (32,72), (39,72), (62,72), (68,72), (72,2), (72,62), (72,39), (72,68), (72,24), (72,26), (72,32), 
73: (43,73), (73,43), (73,76), (76,73), 
74: (1,74), (13,74), (36,74), (74,36), (74,1), (74,13), 
75: (14,75), (44,75), (56,75), (75,14), (75,44), (75,56), 
76: (14,76), (22,76), (25,76), (28,76), (36,76), (58,76), (73,76), (76,36), (76,58), (76,25), (76,22), (76,14), (76,28), (76,73), 
77: (36,77), (42,77), (77,36), (77,42), 
78: (3,78), (6,78), (8,78), (14,78), (18,78), (33,78), (37,78), (49,78), (65,78), (67,78), (71,78), (78,14), (78,37), (78,67), (78,49), (78,3), (78,18), (78,8), (78,65), (78,33), (78,6), (78,71), 
79: (13,79), (79,13), 
Trying with k = 40
searching in [0, 80]
found solution (current time 0.081178): 
Solution: 
0: 1
1: 3
2: 2
3: 3
4: 4
5: 4
6: 1
7: 1
8: 4
9: 5
10: 1
11: 1
12: 1
13: 2
14: 3
15: 3
16: 2
17: 2
18: 6
19: 3
20: 1
21: 6
22: 1
23: 1
24: 3
25: 1
26: 4
27: 3
28: 4
29: 4
30: 2
31: 1
32: 1
33: 7
34: 2
35: 1
36: 1
37: 8
38: 7
39: 5
40: 1
41: 3
42: 2
43: 4
44: 1
45: 4
46: 8
47: 1
48: 1
49: 8
50: 1
51: 1
52: 2
53: 1
54: 5
55: 2
56: 6
57: 7
58: 2
59: 3
60: 2
61: 2
62: 6
63: 4
64: 1
65: 5
66: 2
67: 9
68: 7
69: 2
70: 1
71: 2
72: 8
73: 1
74: 4
75: 4
76: 5
77: 3
78: 10
79: 1
Trying with k = 20
searching in [0, 40]
found solution (current time 0.118523): 
Solution: 
0: 1
1: 3
2: 2
3: 3
4: 4
5: 4
6: 1
7: 1
8: 4
9: 5
10: 1
11: 1
12: 1
13: 2
14: 3
15: 3
16: 2
17: 2
18: 6
19: 3
20: 1
21: 6
22: 1
23: 1
24: 3
25: 1
26: 4
27: 3
28: 4
29: 4
30: 2
31: 1
32: 1
33: 7
34: 2
35: 1
36: 1
37: 8
38: 7
39: 5
40: 1
41: 3
42: 2
43: 4
44: 1
45: 4
46: 8
47: 1
48: 1
49: 8
50: 1
51: 1
52: 2
53: 1
54: 5
55: 2
56: 6
57: 7
58: 2
59: 3
60: 2
61: 2
62: 6
63: 4
64: 1
65: 5
66: 2
67: 9
68: 7
69: 2
70: 1
71: 2
72: 8
73: 1
74: 4
75: 4
76: 5
77: 3
78: 10
79: 1
Trying with k = 10
searching in [0, 20]
found solution (current time 0.142162): 
Solution: 
0: 1
1: 3
2: 2
3: 3
4: 4
5: 4
6: 1
7: 1
8: 4
9: 5
10: 1
11: 1
12: 1
13: 2
14: 3
15: 3
16: 2
17: 2
18: 6
19: 3
20: 1
21: 6
22: 1
23: 1
24: 3
25: 1
26: 4
27: 3
28: 4
29: 4
30: 2
31: 1
32: 1
33: 7
34: 2
35: 1
36: 1
37: 8
38: 7
39: 5
40: 1
41: 3
42: 2
43: 4
44: 1
45: 4
46: 8
47: 1
48: 1
49: 8
50: 1
51: 1
52: 2
53: 1
54: 5
55: 2
56: 6
57: 7
58: 2
59: 3
60: 2
61: 2
62: 6
63: 4
64: 1
65: 5
66: 2
67: 9
68: 7
69: 2
70: 1
71: 2
72: 8
73: 1
74: 4
75: 4
76: 5
77: 3
78: 10
79: 1
Trying with k = 5
searching in [0, 10]
not found
Trying with k = 7
searching in [5, 10]
not found
Trying with k = 8
searching in [7, 10]
not found
Trying with k = 9
searching in [8, 10]
not found
Took 1653.28 seconds
Visited 1431760 nodes
Tried 3422673 colors for the nodes
Solution: 
0: 1
1: 3
2: 2
3: 3
4: 4
5: 4
6: 1
7: 1
8: 4
9: 5
10: 1
11: 1
12: 1
13: 2
14: 3
15: 3
16: 2
17: 2
18: 6
19: 3
20: 1
21: 6
22: 1
23: 1
24: 3
25: 1
26: 4
27: 3
28: 4
29: 4
30: 2
31: 1
32: 1
33: 7
34: 2
35: 1
36: 1
37: 8
38: 7
39: 5
40: 1
41: 3
42: 2
43: 4
44: 1
45: 4
46: 8
47: 1
48: 1
49: 8
50: 1
51: 1
52: 2
53: 1
54: 5
55: 2
56: 6
57: 7
58: 2
59: 3
60: 2
61: 2
62: 6
63: 4
64: 1
65: 5
66: 2
67: 9
68: 7
69: 2
70: 1
71: 2
72: 8
73: 1
74: 4
75: 4
76: 5
77: 3
78: 10
79: 1
