Reading instance from file benchmarks/myciel6.col
Number of nodes: 95
Number of edges: 755
Incidency list:
0: (0,1), (0,3), (0,6), (0,8), (0,12), (0,14), (0,17), (0,19), (0,24), (0,26), (0,29), (0,31), (0,35), (0,37), (0,40), (0,42), (0,48), (0,50), (0,53), (0,55), (0,59), (0,61), (0,64), (0,66), (0,71), (0,73), (0,76), (0,78), (0,82), (0,84), (0,87), (0,89), 
1: (0,1), (1,2), (1,5), (1,7), (1,11), (1,13), (1,16), (1,18), (1,23), (1,25), (1,28), (1,30), (1,34), (1,36), (1,39), (1,41), (1,47), (1,49), (1,52), (1,54), (1,58), (1,60), (1,63), (1,65), (1,70), (1,72), (1,75), (1,77), (1,81), (1,83), (1,86), (1,88), 
2: (1,2), (2,4), (2,6), (2,9), (2,12), (2,15), (2,17), (2,20), (2,24), (2,27), (2,29), (2,32), (2,35), (2,38), (2,40), (2,43), (2,48), (2,51), (2,53), (2,56), (2,59), (2,62), (2,64), (2,67), (2,71), (2,74), (2,76), (2,79), (2,82), (2,85), (2,87), (2,90), 
3: (0,3), (3,4), (3,5), (3,9), (3,11), (3,15), (3,16), (3,20), (3,23), (3,27), (3,28), (3,32), (3,34), (3,38), (3,39), (3,43), (3,47), (3,51), (3,52), (3,56), (3,58), (3,62), (3,63), (3,67), (3,70), (3,74), (3,75), (3,79), (3,81), (3,85), (3,86), (3,90), 
4: (2,4), (3,4), (4,7), (4,8), (4,13), (4,14), (4,18), (4,19), (4,25), (4,26), (4,30), (4,31), (4,36), (4,37), (4,41), (4,42), (4,49), (4,50), (4,54), (4,55), (4,60), (4,61), (4,65), (4,66), (4,72), (4,73), (4,77), (4,78), (4,83), (4,84), (4,88), (4,89), 
5: (1,5), (3,5), (5,10), (5,12), (5,14), (5,21), (5,24), (5,26), (5,33), (5,35), (5,37), (5,44), (5,48), (5,50), (5,57), (5,59), (5,61), (5,68), (5,71), (5,73), (5,80), (5,82), (5,84), (5,91), 
6: (0,6), (2,6), (6,10), (6,11), (6,13), (6,21), (6,23), (6,25), (6,33), (6,34), (6,36), (6,44), (6,47), (6,49), (6,57), (6,58), (6,60), (6,68), (6,70), (6,72), (6,80), (6,81), (6,83), (6,91), 
7: (1,7), (4,7), (7,10), (7,12), (7,15), (7,21), (7,24), (7,27), (7,33), (7,35), (7,38), (7,44), (7,48), (7,51), (7,57), (7,59), (7,62), (7,68), (7,71), (7,74), (7,80), (7,82), (7,85), (7,91), 
8: (0,8), (4,8), (8,10), (8,11), (8,15), (8,21), (8,23), (8,27), (8,33), (8,34), (8,38), (8,44), (8,47), (8,51), (8,57), (8,58), (8,62), (8,68), (8,70), (8,74), (8,80), (8,81), (8,85), (8,91), 
9: (2,9), (3,9), (9,10), (9,13), (9,14), (9,21), (9,25), (9,26), (9,33), (9,36), (9,37), (9,44), (9,49), (9,50), (9,57), (9,60), (9,61), (9,68), (9,72), (9,73), (9,80), (9,83), (9,84), (9,91), 
10: (5,10), (6,10), (7,10), (8,10), (9,10), (10,16), (10,17), (10,18), (10,19), (10,20), (10,28), (10,29), (10,30), (10,31), (10,32), (10,39), (10,40), (10,41), (10,42), (10,43), (10,52), (10,53), (10,54), (10,55), (10,56), (10,63), (10,64), (10,65), (10,66), (10,67), (10,75), (10,76), (10,77), (10,78), (10,79), (10,86), (10,87), (10,88), (10,89), (10,90), 
11: (1,11), (3,11), (6,11), (8,11), (11,22), (11,24), (11,26), (11,29), (11,31), (11,45), (11,48), (11,50), (11,53), (11,55), (11,69), (11,71), (11,73), (11,76), (11,78), (11,92), 
12: (0,12), (2,12), (5,12), (7,12), (12,22), (12,23), (12,25), (12,28), (12,30), (12,45), (12,47), (12,49), (12,52), (12,54), (12,69), (12,70), (12,72), (12,75), (12,77), (12,92), 
13: (1,13), (4,13), (6,13), (9,13), (13,22), (13,24), (13,27), (13,29), (13,32), (13,45), (13,48), (13,51), (13,53), (13,56), (13,69), (13,71), (13,74), (13,76), (13,79), (13,92), 
14: (0,14), (4,14), (5,14), (9,14), (14,22), (14,23), (14,27), (14,28), (14,32), (14,45), (14,47), (14,51), (14,52), (14,56), (14,69), (14,70), (14,74), (14,75), (14,79), (14,92), 
15: (2,15), (3,15), (7,15), (8,15), (15,22), (15,25), (15,26), (15,30), (15,31), (15,45), (15,49), (15,50), (15,54), (15,55), (15,69), (15,72), (15,73), (15,77), (15,78), (15,92), 
16: (1,16), (3,16), (10,16), (16,22), (16,24), (16,26), (16,33), (16,45), (16,48), (16,50), (16,57), (16,69), (16,71), (16,73), (16,80), (16,92), 
17: (0,17), (2,17), (10,17), (17,22), (17,23), (17,25), (17,33), (17,45), (17,47), (17,49), (17,57), (17,69), (17,70), (17,72), (17,80), (17,92), 
18: (1,18), (4,18), (10,18), (18,22), (18,24), (18,27), (18,33), (18,45), (18,48), (18,51), (18,57), (18,69), (18,71), (18,74), (18,80), (18,92), 
19: (0,19), (4,19), (10,19), (19,22), (19,23), (19,27), (19,33), (19,45), (19,47), (19,51), (19,57), (19,69), (19,70), (19,74), (19,80), (19,92), 
20: (2,20), (3,20), (10,20), (20,22), (20,25), (20,26), (20,33), (20,45), (20,49), (20,50), (20,57), (20,69), (20,72), (20,73), (20,80), (20,92), 
21: (5,21), (6,21), (7,21), (8,21), (9,21), (21,22), (21,28), (21,29), (21,30), (21,31), (21,32), (21,45), (21,52), (21,53), (21,54), (21,55), (21,56), (21,69), (21,75), (21,76), (21,77), (21,78), (21,79), (21,92), 
22: (11,22), (12,22), (13,22), (14,22), (15,22), (16,22), (17,22), (18,22), (19,22), (20,22), (21,22), (22,34), (22,35), (22,36), (22,37), (22,38), (22,39), (22,40), (22,41), (22,42), (22,43), (22,44), (22,58), (22,59), (22,60), (22,61), (22,62), (22,63), (22,64), (22,65), (22,66), (22,67), (22,68), (22,81), (22,82), (22,83), (22,84), (22,85), (22,86), (22,87), (22,88), (22,89), (22,90), (22,91), 
23: (1,23), (3,23), (6,23), (8,23), (12,23), (14,23), (17,23), (19,23), (23,46), (23,48), (23,50), (23,53), (23,55), (23,59), (23,61), (23,64), (23,66), (23,93), 
24: (0,24), (2,24), (5,24), (7,24), (11,24), (13,24), (16,24), (18,24), (24,46), (24,47), (24,49), (24,52), (24,54), (24,58), (24,60), (24,63), (24,65), (24,93), 
25: (1,25), (4,25), (6,25), (9,25), (12,25), (15,25), (17,25), (20,25), (25,46), (25,48), (25,51), (25,53), (25,56), (25,59), (25,62), (25,64), (25,67), (25,93), 
26: (0,26), (4,26), (5,26), (9,26), (11,26), (15,26), (16,26), (20,26), (26,46), (26,47), (26,51), (26,52), (26,56), (26,58), (26,62), (26,63), (26,67), (26,93), 
27: (2,27), (3,27), (7,27), (8,27), (13,27), (14,27), (18,27), (19,27), (27,46), (27,49), (27,50), (27,54), (27,55), (27,60), (27,61), (27,65), (27,66), (27,93), 
28: (1,28), (3,28), (10,28), (12,28), (14,28), (21,28), (28,46), (28,48), (28,50), (28,57), (28,59), (28,61), (28,68), (28,93), 
29: (0,29), (2,29), (10,29), (11,29), (13,29), (21,29), (29,46), (29,47), (29,49), (29,57), (29,58), (29,60), (29,68), (29,93), 
30: (1,30), (4,30), (10,30), (12,30), (15,30), (21,30), (30,46), (30,48), (30,51), (30,57), (30,59), (30,62), (30,68), (30,93), 
31: (0,31), (4,31), (10,31), (11,31), (15,31), (21,31), (31,46), (31,47), (31,51), (31,57), (31,58), (31,62), (31,68), (31,93), 
32: (2,32), (3,32), (10,32), (13,32), (14,32), (21,32), (32,46), (32,49), (32,50), (32,57), (32,60), (32,61), (32,68), (32,93), 
33: (5,33), (6,33), (7,33), (8,33), (9,33), (16,33), (17,33), (18,33), (19,33), (20,33), (33,46), (33,52), (33,53), (33,54), (33,55), (33,56), (33,63), (33,64), (33,65), (33,66), (33,67), (33,93), 
34: (1,34), (3,34), (6,34), (8,34), (22,34), (34,46), (34,48), (34,50), (34,53), (34,55), (34,69), (34,93), 
35: (0,35), (2,35), (5,35), (7,35), (22,35), (35,46), (35,47), (35,49), (35,52), (35,54), (35,69), (35,93), 
36: (1,36), (4,36), (6,36), (9,36), (22,36), (36,46), (36,48), (36,51), (36,53), (36,56), (36,69), (36,93), 
37: (0,37), (4,37), (5,37), (9,37), (22,37), (37,46), (37,47), (37,51), (37,52), (37,56), (37,69), (37,93), 
38: (2,38), (3,38), (7,38), (8,38), (22,38), (38,46), (38,49), (38,50), (38,54), (38,55), (38,69), (38,93), 
39: (1,39), (3,39), (10,39), (22,39), (39,46), (39,48), (39,50), (39,57), (39,69), (39,93), 
40: (0,40), (2,40), (10,40), (22,40), (40,46), (40,47), (40,49), (40,57), (40,69), (40,93), 
41: (1,41), (4,41), (10,41), (22,41), (41,46), (41,48), (41,51), (41,57), (41,69), (41,93), 
42: (0,42), (4,42), (10,42), (22,42), (42,46), (42,47), (42,51), (42,57), (42,69), (42,93), 
43: (2,43), (3,43), (10,43), (22,43), (43,46), (43,49), (43,50), (43,57), (43,69), (43,93), 
44: (5,44), (6,44), (7,44), (8,44), (9,44), (22,44), (44,46), (44,52), (44,53), (44,54), (44,55), (44,56), (44,69), (44,93), 
45: (11,45), (12,45), (13,45), (14,45), (15,45), (16,45), (17,45), (18,45), (19,45), (20,45), (21,45), (45,46), (45,58), (45,59), (45,60), (45,61), (45,62), (45,63), (45,64), (45,65), (45,66), (45,67), (45,68), (45,93), 
46: (23,46), (24,46), (25,46), (26,46), (27,46), (28,46), (29,46), (30,46), (31,46), (32,46), (33,46), (34,46), (35,46), (36,46), (37,46), (38,46), (39,46), (40,46), (41,46), (42,46), (43,46), (44,46), (45,46), (46,70), (46,71), (46,72), (46,73), (46,74), (46,75), (46,76), (46,77), (46,78), (46,79), (46,80), (46,81), (46,82), (46,83), (46,84), (46,85), (46,86), (46,87), (46,88), (46,89), (46,90), (46,91), (46,92), 
47: (1,47), (3,47), (6,47), (8,47), (12,47), (14,47), (17,47), (19,47), (24,47), (26,47), (29,47), (31,47), (35,47), (37,47), (40,47), (42,47), (47,94), 
48: (0,48), (2,48), (5,48), (7,48), (11,48), (13,48), (16,48), (18,48), (23,48), (25,48), (28,48), (30,48), (34,48), (36,48), (39,48), (41,48), (48,94), 
49: (1,49), (4,49), (6,49), (9,49), (12,49), (15,49), (17,49), (20,49), (24,49), (27,49), (29,49), (32,49), (35,49), (38,49), (40,49), (43,49), (49,94), 
50: (0,50), (4,50), (5,50), (9,50), (11,50), (15,50), (16,50), (20,50), (23,50), (27,50), (28,50), (32,50), (34,50), (38,50), (39,50), (43,50), (50,94), 
51: (2,51), (3,51), (7,51), (8,51), (13,51), (14,51), (18,51), (19,51), (25,51), (26,51), (30,51), (31,51), (36,51), (37,51), (41,51), (42,51), (51,94), 
52: (1,52), (3,52), (10,52), (12,52), (14,52), (21,52), (24,52), (26,52), (33,52), (35,52), (37,52), (44,52), (52,94), 
53: (0,53), (2,53), (10,53), (11,53), (13,53), (21,53), (23,53), (25,53), (33,53), (34,53), (36,53), (44,53), (53,94), 
54: (1,54), (4,54), (10,54), (12,54), (15,54), (21,54), (24,54), (27,54), (33,54), (35,54), (38,54), (44,54), (54,94), 
55: (0,55), (4,55), (10,55), (11,55), (15,55), (21,55), (23,55), (27,55), (33,55), (34,55), (38,55), (44,55), (55,94), 
56: (2,56), (3,56), (10,56), (13,56), (14,56), (21,56), (25,56), (26,56), (33,56), (36,56), (37,56), (44,56), (56,94), 
57: (5,57), (6,57), (7,57), (8,57), (9,57), (16,57), (17,57), (18,57), (19,57), (20,57), (28,57), (29,57), (30,57), (31,57), (32,57), (39,57), (40,57), (41,57), (42,57), (43,57), (57,94), 
58: (1,58), (3,58), (6,58), (8,58), (22,58), (24,58), (26,58), (29,58), (31,58), (45,58), (58,94), 
59: (0,59), (2,59), (5,59), (7,59), (22,59), (23,59), (25,59), (28,59), (30,59), (45,59), (59,94), 
60: (1,60), (4,60), (6,60), (9,60), (22,60), (24,60), (27,60), (29,60), (32,60), (45,60), (60,94), 
61: (0,61), (4,61), (5,61), (9,61), (22,61), (23,61), (27,61), (28,61), (32,61), (45,61), (61,94), 
62: (2,62), (3,62), (7,62), (8,62), (22,62), (25,62), (26,62), (30,62), (31,62), (45,62), (62,94), 
63: (1,63), (3,63), (10,63), (22,63), (24,63), (26,63), (33,63), (45,63), (63,94), 
64: (0,64), (2,64), (10,64), (22,64), (23,64), (25,64), (33,64), (45,64), (64,94), 
65: (1,65), (4,65), (10,65), (22,65), (24,65), (27,65), (33,65), (45,65), (65,94), 
66: (0,66), (4,66), (10,66), (22,66), (23,66), (27,66), (33,66), (45,66), (66,94), 
67: (2,67), (3,67), (10,67), (22,67), (25,67), (26,67), (33,67), (45,67), (67,94), 
68: (5,68), (6,68), (7,68), (8,68), (9,68), (22,68), (28,68), (29,68), (30,68), (31,68), (32,68), (45,68), (68,94), 
69: (11,69), (12,69), (13,69), (14,69), (15,69), (16,69), (17,69), (18,69), (19,69), (20,69), (21,69), (34,69), (35,69), (36,69), (37,69), (38,69), (39,69), (40,69), (41,69), (42,69), (43,69), (44,69), (69,94), 
70: (1,70), (3,70), (6,70), (8,70), (12,70), (14,70), (17,70), (19,70), (46,70), (70,94), 
71: (0,71), (2,71), (5,71), (7,71), (11,71), (13,71), (16,71), (18,71), (46,71), (71,94), 
72: (1,72), (4,72), (6,72), (9,72), (12,72), (15,72), (17,72), (20,72), (46,72), (72,94), 
73: (0,73), (4,73), (5,73), (9,73), (11,73), (15,73), (16,73), (20,73), (46,73), (73,94), 
74: (2,74), (3,74), (7,74), (8,74), (13,74), (14,74), (18,74), (19,74), (46,74), (74,94), 
75: (1,75), (3,75), (10,75), (12,75), (14,75), (21,75), (46,75), (75,94), 
76: (0,76), (2,76), (10,76), (11,76), (13,76), (21,76), (46,76), (76,94), 
77: (1,77), (4,77), (10,77), (12,77), (15,77), (21,77), (46,77), (77,94), 
78: (0,78), (4,78), (10,78), (11,78), (15,78), (21,78), (46,78), (78,94), 
79: (2,79), (3,79), (10,79), (13,79), (14,79), (21,79), (46,79), (79,94), 
80: (5,80), (6,80), (7,80), (8,80), (9,80), (16,80), (17,80), (18,80), (19,80), (20,80), (46,80), (80,94), 
81: (1,81), (3,81), (6,81), (8,81), (22,81), (46,81), (81,94), 
82: (0,82), (2,82), (5,82), (7,82), (22,82), (46,82), (82,94), 
83: (1,83), (4,83), (6,83), (9,83), (22,83), (46,83), (83,94), 
84: (0,84), (4,84), (5,84), (9,84), (22,84), (46,84), (84,94), 
85: (2,85), (3,85), (7,85), (8,85), (22,85), (46,85), (85,94), 
86: (1,86), (3,86), (10,86), (22,86), (46,86), (86,94), 
87: (0,87), (2,87), (10,87), (22,87), (46,87), (87,94), 
88: (1,88), (4,88), (10,88), (22,88), (46,88), (88,94), 
89: (0,89), (4,89), (10,89), (22,89), (46,89), (89,94), 
90: (2,90), (3,90), (10,90), (22,90), (46,90), (90,94), 
91: (5,91), (6,91), (7,91), (8,91), (9,91), (22,91), (46,91), (91,94), 
92: (11,92), (12,92), (13,92), (14,92), (15,92), (16,92), (17,92), (18,92), (19,92), (20,92), (21,92), (46,92), (92,94), 
93: (23,93), (24,93), (25,93), (26,93), (27,93), (28,93), (29,93), (30,93), (31,93), (32,93), (33,93), (34,93), (35,93), (36,93), (37,93), (38,93), (39,93), (40,93), (41,93), (42,93), (43,93), (44,93), (45,93), (93,94), 
94: (47,94), (48,94), (49,94), (50,94), (51,94), (52,94), (53,94), (54,94), (55,94), (56,94), (57,94), (58,94), (59,94), (60,94), (61,94), (62,94), (63,94), (64,94), (65,94), (66,94), (67,94), (68,94), (69,94), (70,94), (71,94), (72,94), (73,94), (74,94), (75,94), (76,94), (77,94), (78,94), (79,94), (80,94), (81,94), (82,94), (83,94), (84,94), (85,94), (86,94), (87,94), (88,94), (89,94), (90,94), (91,94), (92,94), (93,94), 
Trying with k = 47
searching in [0, 95]
found solution (current time 0.047642): 
Solution: 
0: 2
1: 1
2: 2
3: 3
4: 1
5: 2
6: 6
7: 2
8: 3
9: 6
10: 1
11: 2
12: 1
13: 2
14: 3
15: 1
16: 2
17: 3
18: 2
19: 3
20: 5
21: 1
22: 4
23: 2
24: 1
25: 2
26: 3
27: 1
28: 2
29: 6
30: 2
31: 3
32: 6
33: 1
34: 2
35: 1
36: 2
37: 3
38: 1
39: 2
40: 6
41: 2
42: 3
43: 6
44: 1
45: 4
46: 5
47: 2
48: 3
49: 2
50: 3
51: 4
52: 2
53: 3
54: 2
55: 3
56: 4
57: 4
58: 2
59: 3
60: 2
61: 3
62: 5
63: 2
64: 3
65: 2
66: 3
67: 5
68: 5
69: 4
70: 2
71: 3
72: 2
73: 3
74: 4
75: 2
76: 3
77: 2
78: 3
79: 4
80: 4
81: 2
82: 3
83: 2
84: 3
85: 6
86: 2
87: 3
88: 2
89: 3
90: 6
91: 7
92: 4
93: 5
94: 1
Trying with k = 23
searching in [0, 47]
found solution (current time 0.071485): 
Solution: 
0: 2
1: 1
2: 2
3: 3
4: 1
5: 2
6: 6
7: 2
8: 3
9: 6
10: 1
11: 2
12: 1
13: 2
14: 3
15: 1
16: 2
17: 3
18: 2
19: 3
20: 5
21: 1
22: 4
23: 2
24: 1
25: 2
26: 3
27: 1
28: 2
29: 6
30: 2
31: 3
32: 6
33: 1
34: 2
35: 1
36: 2
37: 3
38: 1
39: 2
40: 6
41: 2
42: 3
43: 6
44: 1
45: 4
46: 5
47: 2
48: 3
49: 2
50: 3
51: 4
52: 2
53: 3
54: 2
55: 3
56: 4
57: 4
58: 2
59: 3
60: 2
61: 3
62: 5
63: 2
64: 3
65: 2
66: 3
67: 5
68: 5
69: 4
70: 2
71: 3
72: 2
73: 3
74: 4
75: 2
76: 3
77: 2
78: 3
79: 4
80: 4
81: 2
82: 3
83: 2
84: 3
85: 6
86: 2
87: 3
88: 2
89: 3
90: 6
91: 7
92: 4
93: 5
94: 1
Trying with k = 11
searching in [0, 23]
found solution (current time 0.087367): 
Solution: 
0: 2
1: 1
2: 2
3: 3
4: 1
5: 2
6: 6
7: 2
8: 3
9: 6
10: 1
11: 2
12: 1
13: 2
14: 3
15: 1
16: 2
17: 3
18: 2
19: 3
20: 5
21: 1
22: 4
23: 2
24: 1
25: 2
26: 3
27: 1
28: 2
29: 6
30: 2
31: 3
32: 6
33: 1
34: 2
35: 1
36: 2
37: 3
38: 1
39: 2
40: 6
41: 2
42: 3
43: 6
44: 1
45: 4
46: 5
47: 2
48: 3
49: 2
50: 3
51: 4
52: 2
53: 3
54: 2
55: 3
56: 4
57: 4
58: 2
59: 3
60: 2
61: 3
62: 5
63: 2
64: 3
65: 2
66: 3
67: 5
68: 5
69: 4
70: 2
71: 3
72: 2
73: 3
74: 4
75: 2
76: 3
77: 2
78: 3
79: 4
80: 4
81: 2
82: 3
83: 2
84: 3
85: 6
86: 2
87: 3
88: 2
89: 3
90: 6
91: 7
92: 4
93: 5
94: 1
Trying with k = 5
searching in [0, 11]
not found
Took 10800 seconds
Visited 81831255 nodes
Tried 91559794 colors for the nodes
Time limit reached without finding a solution
