Reading instance from file benchmarks/myciel5.col
Number of nodes: 47
Number of edges: 236
Incidency list:
0: (0,1), (0,3), (0,6), (0,8), (0,12), (0,14), (0,17), (0,19), (0,24), (0,26), (0,29), (0,31), (0,35), (0,37), (0,40), (0,42), 
1: (0,1), (1,2), (1,5), (1,7), (1,11), (1,13), (1,16), (1,18), (1,23), (1,25), (1,28), (1,30), (1,34), (1,36), (1,39), (1,41), 
2: (1,2), (2,4), (2,6), (2,9), (2,12), (2,15), (2,17), (2,20), (2,24), (2,27), (2,29), (2,32), (2,35), (2,38), (2,40), (2,43), 
3: (0,3), (3,4), (3,5), (3,9), (3,11), (3,15), (3,16), (3,20), (3,23), (3,27), (3,28), (3,32), (3,34), (3,38), (3,39), (3,43), 
4: (2,4), (3,4), (4,7), (4,8), (4,13), (4,14), (4,18), (4,19), (4,25), (4,26), (4,30), (4,31), (4,36), (4,37), (4,41), (4,42), 
5: (1,5), (3,5), (5,10), (5,12), (5,14), (5,21), (5,24), (5,26), (5,33), (5,35), (5,37), (5,44), 
6: (0,6), (2,6), (6,10), (6,11), (6,13), (6,21), (6,23), (6,25), (6,33), (6,34), (6,36), (6,44), 
7: (1,7), (4,7), (7,10), (7,12), (7,15), (7,21), (7,24), (7,27), (7,33), (7,35), (7,38), (7,44), 
8: (0,8), (4,8), (8,10), (8,11), (8,15), (8,21), (8,23), (8,27), (8,33), (8,34), (8,38), (8,44), 
9: (2,9), (3,9), (9,10), (9,13), (9,14), (9,21), (9,25), (9,26), (9,33), (9,36), (9,37), (9,44), 
10: (5,10), (6,10), (7,10), (8,10), (9,10), (10,16), (10,17), (10,18), (10,19), (10,20), (10,28), (10,29), (10,30), (10,31), (10,32), (10,39), (10,40), (10,41), (10,42), (10,43), 
11: (1,11), (3,11), (6,11), (8,11), (11,22), (11,24), (11,26), (11,29), (11,31), (11,45), 
12: (0,12), (2,12), (5,12), (7,12), (12,22), (12,23), (12,25), (12,28), (12,30), (12,45), 
13: (1,13), (4,13), (6,13), (9,13), (13,22), (13,24), (13,27), (13,29), (13,32), (13,45), 
14: (0,14), (4,14), (5,14), (9,14), (14,22), (14,23), (14,27), (14,28), (14,32), (14,45), 
15: (2,15), (3,15), (7,15), (8,15), (15,22), (15,25), (15,26), (15,30), (15,31), (15,45), 
16: (1,16), (3,16), (10,16), (16,22), (16,24), (16,26), (16,33), (16,45), 
17: (0,17), (2,17), (10,17), (17,22), (17,23), (17,25), (17,33), (17,45), 
18: (1,18), (4,18), (10,18), (18,22), (18,24), (18,27), (18,33), (18,45), 
19: (0,19), (4,19), (10,19), (19,22), (19,23), (19,27), (19,33), (19,45), 
20: (2,20), (3,20), (10,20), (20,22), (20,25), (20,26), (20,33), (20,45), 
21: (5,21), (6,21), (7,21), (8,21), (9,21), (21,22), (21,28), (21,29), (21,30), (21,31), (21,32), (21,45), 
22: (11,22), (12,22), (13,22), (14,22), (15,22), (16,22), (17,22), (18,22), (19,22), (20,22), (21,22), (22,34), (22,35), (22,36), (22,37), (22,38), (22,39), (22,40), (22,41), (22,42), (22,43), (22,44), 
23: (1,23), (3,23), (6,23), (8,23), (12,23), (14,23), (17,23), (19,23), (23,46), 
24: (0,24), (2,24), (5,24), (7,24), (11,24), (13,24), (16,24), (18,24), (24,46), 
25: (1,25), (4,25), (6,25), (9,25), (12,25), (15,25), (17,25), (20,25), (25,46), 
26: (0,26), (4,26), (5,26), (9,26), (11,26), (15,26), (16,26), (20,26), (26,46), 
27: (2,27), (3,27), (7,27), (8,27), (13,27), (14,27), (18,27), (19,27), (27,46), 
28: (1,28), (3,28), (10,28), (12,28), (14,28), (21,28), (28,46), 
29: (0,29), (2,29), (10,29), (11,29), (13,29), (21,29), (29,46), 
30: (1,30), (4,30), (10,30), (12,30), (15,30), (21,30), (30,46), 
31: (0,31), (4,31), (10,31), (11,31), (15,31), (21,31), (31,46), 
32: (2,32), (3,32), (10,32), (13,32), (14,32), (21,32), (32,46), 
33: (5,33), (6,33), (7,33), (8,33), (9,33), (16,33), (17,33), (18,33), (19,33), (20,33), (33,46), 
34: (1,34), (3,34), (6,34), (8,34), (22,34), (34,46), 
35: (0,35), (2,35), (5,35), (7,35), (22,35), (35,46), 
36: (1,36), (4,36), (6,36), (9,36), (22,36), (36,46), 
37: (0,37), (4,37), (5,37), (9,37), (22,37), (37,46), 
38: (2,38), (3,38), (7,38), (8,38), (22,38), (38,46), 
39: (1,39), (3,39), (10,39), (22,39), (39,46), 
40: (0,40), (2,40), (10,40), (22,40), (40,46), 
41: (1,41), (4,41), (10,41), (22,41), (41,46), 
42: (0,42), (4,42), (10,42), (22,42), (42,46), 
43: (2,43), (3,43), (10,43), (22,43), (43,46), 
44: (5,44), (6,44), (7,44), (8,44), (9,44), (22,44), (44,46), 
45: (11,45), (12,45), (13,45), (14,45), (15,45), (16,45), (17,45), (18,45), (19,45), (20,45), (21,45), (45,46), 
46: (23,46), (24,46), (25,46), (26,46), (27,46), (28,46), (29,46), (30,46), (31,46), (32,46), (33,46), (34,46), (35,46), (36,46), (37,46), (38,46), (39,46), (40,46), (41,46), (42,46), (43,46), (44,46), (45,46), 
Trying with k = 23
searching in [0, 47]
found solution (current time 0.013969): 
Solution: 
0: 2
1: 1
2: 2
3: 3
4: 1
5: 2
6: 5
7: 2
8: 3
9: 5
10: 1
11: 2
12: 1
13: 2
14: 3
15: 1
16: 2
17: 5
18: 2
19: 3
20: 5
21: 1
22: 4
23: 2
24: 3
25: 2
26: 3
27: 4
28: 2
29: 3
30: 2
31: 3
32: 4
33: 4
34: 2
35: 3
36: 2
37: 3
38: 5
39: 2
40: 3
41: 2
42: 3
43: 5
44: 6
45: 4
46: 1
Trying with k = 11
searching in [0, 23]
found solution (current time 0.018485): 
Solution: 
0: 2
1: 1
2: 2
3: 3
4: 1
5: 2
6: 5
7: 2
8: 3
9: 5
10: 1
11: 2
12: 1
13: 2
14: 3
15: 1
16: 2
17: 5
18: 2
19: 3
20: 5
21: 1
22: 4
23: 2
24: 3
25: 2
26: 3
27: 4
28: 2
29: 3
30: 2
31: 3
32: 4
33: 4
34: 2
35: 3
36: 2
37: 3
38: 5
39: 2
40: 3
41: 2
42: 3
43: 5
44: 6
45: 4
46: 1
Trying with k = 5
searching in [0, 11]
not found
Trying with k = 7
searching in [5, 11]
found solution (current time 3487.64): 
Solution: 
0: 2
1: 1
2: 2
3: 3
4: 1
5: 2
6: 5
7: 2
8: 3
9: 5
10: 1
11: 2
12: 1
13: 2
14: 3
15: 1
16: 2
17: 5
18: 2
19: 3
20: 5
21: 1
22: 4
23: 2
24: 3
25: 2
26: 3
27: 4
28: 2
29: 3
30: 2
31: 3
32: 4
33: 4
34: 2
35: 3
36: 2
37: 3
38: 5
39: 2
40: 3
41: 2
42: 3
43: 5
44: 6
45: 4
46: 1
Trying with k = 5
searching in [5, 7]
not found
Trying with k = 6
searching in [5, 7]
found solution (current time 6973.74): 
Solution: 
0: 2
1: 1
2: 2
3: 3
4: 1
5: 2
6: 5
7: 2
8: 3
9: 5
10: 1
11: 2
12: 1
13: 2
14: 3
15: 1
16: 2
17: 5
18: 2
19: 3
20: 5
21: 1
22: 4
23: 2
24: 3
25: 2
26: 3
27: 4
28: 2
29: 3
30: 2
31: 3
32: 4
33: 4
34: 2
35: 3
36: 2
37: 3
38: 5
39: 2
40: 3
41: 2
42: 3
43: 5
44: 6
45: 4
46: 1
Took 6973.74 seconds
Visited 128969124 nodes
Tried 147398238 colors for the nodes
Solution: 
0: 2
1: 1
2: 2
3: 3
4: 1
5: 2
6: 5
7: 2
8: 3
9: 5
10: 1
11: 2
12: 1
13: 2
14: 3
15: 1
16: 2
17: 5
18: 2
19: 3
20: 5
21: 1
22: 4
23: 2
24: 3
25: 2
26: 3
27: 4
28: 2
29: 3
30: 2
31: 3
32: 4
33: 4
34: 2
35: 3
36: 2
37: 3
38: 5
39: 2
40: 3
41: 2
42: 3
43: 5
44: 6
45: 4
46: 1
