Reading instance from file benchmarks/queen8_8.col
Number of nodes: 64
Number of edges: 1456
Incidency list:
0: (0,9), (0,18), (0,27), (0,36), (0,45), (0,54), (0,63), (0,1), (0,2), (0,3), (0,4), (0,5), (0,6), (0,7), (0,8), (0,16), (0,24), (0,32), (0,40), (0,48), (0,56), (1,0), (2,0), (3,0), (4,0), (5,0), (6,0), (7,0), (8,0), (9,0), (16,0), (18,0), (24,0), (27,0), (32,0), (36,0), (40,0), (45,0), (48,0), (54,0), (56,0), (63,0), 
1: (0,1), (1,10), (1,19), (1,28), (1,37), (1,46), (1,55), (1,8), (1,2), (1,3), (1,4), (1,5), (1,6), (1,7), (1,9), (1,17), (1,25), (1,33), (1,41), (1,49), (1,57), (1,0), (2,1), (3,1), (4,1), (5,1), (6,1), (7,1), (8,1), (9,1), (10,1), (17,1), (19,1), (25,1), (28,1), (33,1), (37,1), (41,1), (46,1), (49,1), (55,1), (57,1), 
2: (0,2), (1,2), (2,11), (2,20), (2,29), (2,38), (2,47), (2,9), (2,16), (2,3), (2,4), (2,5), (2,6), (2,7), (2,10), (2,18), (2,26), (2,34), (2,42), (2,50), (2,58), (2,1), (2,0), (3,2), (4,2), (5,2), (6,2), (7,2), (9,2), (10,2), (11,2), (16,2), (18,2), (20,2), (26,2), (29,2), (34,2), (38,2), (42,2), (47,2), (50,2), (58,2), 
3: (0,3), (1,3), (2,3), (3,12), (3,21), (3,30), (3,39), (3,10), (3,17), (3,24), (3,4), (3,5), (3,6), (3,7), (3,11), (3,19), (3,27), (3,35), (3,43), (3,51), (3,59), (3,2), (3,1), (3,0), (4,3), (5,3), (6,3), (7,3), (10,3), (11,3), (12,3), (17,3), (19,3), (21,3), (24,3), (27,3), (30,3), (35,3), (39,3), (43,3), (51,3), (59,3), 
4: (0,4), (1,4), (2,4), (3,4), (4,13), (4,22), (4,31), (4,11), (4,18), (4,25), (4,32), (4,5), (4,6), (4,7), (4,12), (4,20), (4,28), (4,36), (4,44), (4,52), (4,60), (4,3), (4,2), (4,1), (4,0), (5,4), (6,4), (7,4), (11,4), (12,4), (13,4), (18,4), (20,4), (22,4), (25,4), (28,4), (31,4), (32,4), (36,4), (44,4), (52,4), (60,4), 
5: (0,5), (1,5), (2,5), (3,5), (4,5), (5,14), (5,23), (5,12), (5,19), (5,26), (5,33), (5,40), (5,6), (5,7), (5,13), (5,21), (5,29), (5,37), (5,45), (5,53), (5,61), (5,4), (5,3), (5,2), (5,1), (5,0), (6,5), (7,5), (12,5), (13,5), (14,5), (19,5), (21,5), (23,5), (26,5), (29,5), (33,5), (37,5), (40,5), (45,5), (53,5), (61,5), 
6: (0,6), (1,6), (2,6), (3,6), (4,6), (5,6), (6,15), (6,13), (6,20), (6,27), (6,34), (6,41), (6,48), (6,7), (6,14), (6,22), (6,30), (6,38), (6,46), (6,54), (6,62), (6,5), (6,4), (6,3), (6,2), (6,1), (6,0), (7,6), (13,6), (14,6), (15,6), (20,6), (22,6), (27,6), (30,6), (34,6), (38,6), (41,6), (46,6), (48,6), (54,6), (62,6), 
7: (0,7), (1,7), (2,7), (3,7), (4,7), (5,7), (6,7), (7,14), (7,21), (7,28), (7,35), (7,42), (7,49), (7,56), (7,15), (7,23), (7,31), (7,39), (7,47), (7,55), (7,63), (7,6), (7,5), (7,4), (7,3), (7,2), (7,1), (7,0), (14,7), (15,7), (21,7), (23,7), (28,7), (31,7), (35,7), (39,7), (42,7), (47,7), (49,7), (55,7), (56,7), (63,7), 
8: (0,8), (1,8), (8,17), (8,26), (8,35), (8,44), (8,53), (8,62), (8,9), (8,10), (8,11), (8,12), (8,13), (8,14), (8,15), (8,16), (8,24), (8,32), (8,40), (8,48), (8,56), (8,1), (8,0), (9,8), (10,8), (11,8), (12,8), (13,8), (14,8), (15,8), (16,8), (17,8), (24,8), (26,8), (32,8), (35,8), (40,8), (44,8), (48,8), (53,8), (56,8), (62,8), 
9: (0,9), (1,9), (2,9), (8,9), (9,18), (9,27), (9,36), (9,45), (9,54), (9,63), (9,16), (9,10), (9,11), (9,12), (9,13), (9,14), (9,15), (9,17), (9,25), (9,33), (9,41), (9,49), (9,57), (9,8), (9,2), (9,1), (9,0), (10,9), (11,9), (12,9), (13,9), (14,9), (15,9), (16,9), (17,9), (18,9), (25,9), (27,9), (33,9), (36,9), (41,9), (45,9), (49,9), (54,9), (57,9), (63,9), 
10: (1,10), (2,10), (3,10), (8,10), (9,10), (10,19), (10,28), (10,37), (10,46), (10,55), (10,17), (10,24), (10,11), (10,12), (10,13), (10,14), (10,15), (10,18), (10,26), (10,34), (10,42), (10,50), (10,58), (10,9), (10,8), (10,3), (10,2), (10,1), (11,10), (12,10), (13,10), (14,10), (15,10), (17,10), (18,10), (19,10), (24,10), (26,10), (28,10), (34,10), (37,10), (42,10), (46,10), (50,10), (55,10), (58,10), 
11: (2,11), (3,11), (4,11), (8,11), (9,11), (10,11), (11,20), (11,29), (11,38), (11,47), (11,18), (11,25), (11,32), (11,12), (11,13), (11,14), (11,15), (11,19), (11,27), (11,35), (11,43), (11,51), (11,59), (11,10), (11,9), (11,8), (11,4), (11,3), (11,2), (12,11), (13,11), (14,11), (15,11), (18,11), (19,11), (20,11), (25,11), (27,11), (29,11), (32,11), (35,11), (38,11), (43,11), (47,11), (51,11), (59,11), 
12: (3,12), (4,12), (5,12), (8,12), (9,12), (10,12), (11,12), (12,21), (12,30), (12,39), (12,19), (12,26), (12,33), (12,40), (12,13), (12,14), (12,15), (12,20), (12,28), (12,36), (12,44), (12,52), (12,60), (12,11), (12,10), (12,9), (12,8), (12,5), (12,4), (12,3), (13,12), (14,12), (15,12), (19,12), (20,12), (21,12), (26,12), (28,12), (30,12), (33,12), (36,12), (39,12), (40,12), (44,12), (52,12), (60,12), 
13: (4,13), (5,13), (6,13), (8,13), (9,13), (10,13), (11,13), (12,13), (13,22), (13,31), (13,20), (13,27), (13,34), (13,41), (13,48), (13,14), (13,15), (13,21), (13,29), (13,37), (13,45), (13,53), (13,61), (13,12), (13,11), (13,10), (13,9), (13,8), (13,6), (13,5), (13,4), (14,13), (15,13), (20,13), (21,13), (22,13), (27,13), (29,13), (31,13), (34,13), (37,13), (41,13), (45,13), (48,13), (53,13), (61,13), 
14: (5,14), (6,14), (7,14), (8,14), (9,14), (10,14), (11,14), (12,14), (13,14), (14,23), (14,21), (14,28), (14,35), (14,42), (14,49), (14,56), (14,15), (14,22), (14,30), (14,38), (14,46), (14,54), (14,62), (14,13), (14,12), (14,11), (14,10), (14,9), (14,8), (14,7), (14,6), (14,5), (15,14), (21,14), (22,14), (23,14), (28,14), (30,14), (35,14), (38,14), (42,14), (46,14), (49,14), (54,14), (56,14), (62,14), 
15: (6,15), (7,15), (8,15), (9,15), (10,15), (11,15), (12,15), (13,15), (14,15), (15,22), (15,29), (15,36), (15,43), (15,50), (15,57), (15,23), (15,31), (15,39), (15,47), (15,55), (15,63), (15,14), (15,13), (15,12), (15,11), (15,10), (15,9), (15,8), (15,7), (15,6), (22,15), (23,15), (29,15), (31,15), (36,15), (39,15), (43,15), (47,15), (50,15), (55,15), (57,15), (63,15), 
16: (0,16), (2,16), (8,16), (9,16), (16,25), (16,34), (16,43), (16,52), (16,61), (16,17), (16,18), (16,19), (16,20), (16,21), (16,22), (16,23), (16,24), (16,32), (16,40), (16,48), (16,56), (16,9), (16,8), (16,2), (16,0), (17,16), (18,16), (19,16), (20,16), (21,16), (22,16), (23,16), (24,16), (25,16), (32,16), (34,16), (40,16), (43,16), (48,16), (52,16), (56,16), (61,16), 
17: (1,17), (3,17), (8,17), (9,17), (10,17), (16,17), (17,26), (17,35), (17,44), (17,53), (17,62), (17,24), (17,18), (17,19), (17,20), (17,21), (17,22), (17,23), (17,25), (17,33), (17,41), (17,49), (17,57), (17,16), (17,10), (17,9), (17,8), (17,3), (17,1), (18,17), (19,17), (20,17), (21,17), (22,17), (23,17), (24,17), (25,17), (26,17), (33,17), (35,17), (41,17), (44,17), (49,17), (53,17), (57,17), (62,17), 
18: (0,18), (2,18), (4,18), (9,18), (10,18), (11,18), (16,18), (17,18), (18,27), (18,36), (18,45), (18,54), (18,63), (18,25), (18,32), (18,19), (18,20), (18,21), (18,22), (18,23), (18,26), (18,34), (18,42), (18,50), (18,58), (18,17), (18,16), (18,11), (18,10), (18,9), (18,4), (18,2), (18,0), (19,18), (20,18), (21,18), (22,18), (23,18), (25,18), (26,18), (27,18), (32,18), (34,18), (36,18), (42,18), (45,18), (50,18), (54,18), (58,18), (63,18), 
19: (1,19), (3,19), (5,19), (10,19), (11,19), (12,19), (16,19), (17,19), (18,19), (19,28), (19,37), (19,46), (19,55), (19,26), (19,33), (19,40), (19,20), (19,21), (19,22), (19,23), (19,27), (19,35), (19,43), (19,51), (19,59), (19,18), (19,17), (19,16), (19,12), (19,11), (19,10), (19,5), (19,3), (19,1), (20,19), (21,19), (22,19), (23,19), (26,19), (27,19), (28,19), (33,19), (35,19), (37,19), (40,19), (43,19), (46,19), (51,19), (55,19), (59,19), 
20: (2,20), (4,20), (6,20), (11,20), (12,20), (13,20), (16,20), (17,20), (18,20), (19,20), (20,29), (20,38), (20,47), (20,27), (20,34), (20,41), (20,48), (20,21), (20,22), (20,23), (20,28), (20,36), (20,44), (20,52), (20,60), (20,19), (20,18), (20,17), (20,16), (20,13), (20,12), (20,11), (20,6), (20,4), (20,2), (21,20), (22,20), (23,20), (27,20), (28,20), (29,20), (34,20), (36,20), (38,20), (41,20), (44,20), (47,20), (48,20), (52,20), (60,20), 
21: (3,21), (5,21), (7,21), (12,21), (13,21), (14,21), (16,21), (17,21), (18,21), (19,21), (20,21), (21,30), (21,39), (21,28), (21,35), (21,42), (21,49), (21,56), (21,22), (21,23), (21,29), (21,37), (21,45), (21,53), (21,61), (21,20), (21,19), (21,18), (21,17), (21,16), (21,14), (21,13), (21,12), (21,7), (21,5), (21,3), (22,21), (23,21), (28,21), (29,21), (30,21), (35,21), (37,21), (39,21), (42,21), (45,21), (49,21), (53,21), (56,21), (61,21), 
22: (4,22), (6,22), (13,22), (14,22), (15,22), (16,22), (17,22), (18,22), (19,22), (20,22), (21,22), (22,31), (22,29), (22,36), (22,43), (22,50), (22,57), (22,23), (22,30), (22,38), (22,46), (22,54), (22,62), (22,21), (22,20), (22,19), (22,18), (22,17), (22,16), (22,15), (22,14), (22,13), (22,6), (22,4), (23,22), (29,22), (30,22), (31,22), (36,22), (38,22), (43,22), (46,22), (50,22), (54,22), (57,22), (62,22), 
23: (5,23), (7,23), (14,23), (15,23), (16,23), (17,23), (18,23), (19,23), (20,23), (21,23), (22,23), (23,30), (23,37), (23,44), (23,51), (23,58), (23,31), (23,39), (23,47), (23,55), (23,63), (23,22), (23,21), (23,20), (23,19), (23,18), (23,17), (23,16), (23,15), (23,14), (23,7), (23,5), (30,23), (31,23), (37,23), (39,23), (44,23), (47,23), (51,23), (55,23), (58,23), (63,23), 
24: (0,24), (3,24), (8,24), (10,24), (16,24), (17,24), (24,33), (24,42), (24,51), (24,60), (24,25), (24,26), (24,27), (24,28), (24,29), (24,30), (24,31), (24,32), (24,40), (24,48), (24,56), (24,17), (24,16), (24,10), (24,8), (24,3), (24,0), (25,24), (26,24), (27,24), (28,24), (29,24), (30,24), (31,24), (32,24), (33,24), (40,24), (42,24), (48,24), (51,24), (56,24), (60,24), 
25: (1,25), (4,25), (9,25), (11,25), (16,25), (17,25), (18,25), (24,25), (25,34), (25,43), (25,52), (25,61), (25,32), (25,26), (25,27), (25,28), (25,29), (25,30), (25,31), (25,33), (25,41), (25,49), (25,57), (25,24), (25,18), (25,17), (25,16), (25,11), (25,9), (25,4), (25,1), (26,25), (27,25), (28,25), (29,25), (30,25), (31,25), (32,25), (33,25), (34,25), (41,25), (43,25), (49,25), (52,25), (57,25), (61,25), 
26: (2,26), (5,26), (8,26), (10,26), (12,26), (17,26), (18,26), (19,26), (24,26), (25,26), (26,35), (26,44), (26,53), (26,62), (26,33), (26,40), (26,27), (26,28), (26,29), (26,30), (26,31), (26,34), (26,42), (26,50), (26,58), (26,25), (26,24), (26,19), (26,18), (26,17), (26,12), (26,10), (26,8), (26,5), (26,2), (27,26), (28,26), (29,26), (30,26), (31,26), (33,26), (34,26), (35,26), (40,26), (42,26), (44,26), (50,26), (53,26), (58,26), (62,26), 
27: (0,27), (3,27), (6,27), (9,27), (11,27), (13,27), (18,27), (19,27), (20,27), (24,27), (25,27), (26,27), (27,36), (27,45), (27,54), (27,63), (27,34), (27,41), (27,48), (27,28), (27,29), (27,30), (27,31), (27,35), (27,43), (27,51), (27,59), (27,26), (27,25), (27,24), (27,20), (27,19), (27,18), (27,13), (27,11), (27,9), (27,6), (27,3), (27,0), (28,27), (29,27), (30,27), (31,27), (34,27), (35,27), (36,27), (41,27), (43,27), (45,27), (48,27), (51,27), (54,27), (59,27), (63,27), 
28: (1,28), (4,28), (7,28), (10,28), (12,28), (14,28), (19,28), (20,28), (21,28), (24,28), (25,28), (26,28), (27,28), (28,37), (28,46), (28,55), (28,35), (28,42), (28,49), (28,56), (28,29), (28,30), (28,31), (28,36), (28,44), (28,52), (28,60), (28,27), (28,26), (28,25), (28,24), (28,21), (28,20), (28,19), (28,14), (28,12), (28,10), (28,7), (28,4), (28,1), (29,28), (30,28), (31,28), (35,28), (36,28), (37,28), (42,28), (44,28), (46,28), (49,28), (52,28), (55,28), (56,28), (60,28), 
29: (2,29), (5,29), (11,29), (13,29), (15,29), (20,29), (21,29), (22,29), (24,29), (25,29), (26,29), (27,29), (28,29), (29,38), (29,47), (29,36), (29,43), (29,50), (29,57), (29,30), (29,31), (29,37), (29,45), (29,53), (29,61), (29,28), (29,27), (29,26), (29,25), (29,24), (29,22), (29,21), (29,20), (29,15), (29,13), (29,11), (29,5), (29,2), (30,29), (31,29), (36,29), (37,29), (38,29), (43,29), (45,29), (47,29), (50,29), (53,29), (57,29), (61,29), 
30: (3,30), (6,30), (12,30), (14,30), (21,30), (22,30), (23,30), (24,30), (25,30), (26,30), (27,30), (28,30), (29,30), (30,39), (30,37), (30,44), (30,51), (30,58), (30,31), (30,38), (30,46), (30,54), (30,62), (30,29), (30,28), (30,27), (30,26), (30,25), (30,24), (30,23), (30,22), (30,21), (30,14), (30,12), (30,6), (30,3), (31,30), (37,30), (38,30), (39,30), (44,30), (46,30), (51,30), (54,30), (58,30), (62,30), 
31: (4,31), (7,31), (13,31), (15,31), (22,31), (23,31), (24,31), (25,31), (26,31), (27,31), (28,31), (29,31), (30,31), (31,38), (31,45), (31,52), (31,59), (31,39), (31,47), (31,55), (31,63), (31,30), (31,29), (31,28), (31,27), (31,26), (31,25), (31,24), (31,23), (31,22), (31,15), (31,13), (31,7), (31,4), (38,31), (39,31), (45,31), (47,31), (52,31), (55,31), (59,31), (63,31), 
32: (0,32), (4,32), (8,32), (11,32), (16,32), (18,32), (24,32), (25,32), (32,41), (32,50), (32,59), (32,33), (32,34), (32,35), (32,36), (32,37), (32,38), (32,39), (32,40), (32,48), (32,56), (32,25), (32,24), (32,18), (32,16), (32,11), (32,8), (32,4), (32,0), (33,32), (34,32), (35,32), (36,32), (37,32), (38,32), (39,32), (40,32), (41,32), (48,32), (50,32), (56,32), (59,32), 
33: (1,33), (5,33), (9,33), (12,33), (17,33), (19,33), (24,33), (25,33), (26,33), (32,33), (33,42), (33,51), (33,60), (33,40), (33,34), (33,35), (33,36), (33,37), (33,38), (33,39), (33,41), (33,49), (33,57), (33,32), (33,26), (33,25), (33,24), (33,19), (33,17), (33,12), (33,9), (33,5), (33,1), (34,33), (35,33), (36,33), (37,33), (38,33), (39,33), (40,33), (41,33), (42,33), (49,33), (51,33), (57,33), (60,33), 
34: (2,34), (6,34), (10,34), (13,34), (16,34), (18,34), (20,34), (25,34), (26,34), (27,34), (32,34), (33,34), (34,43), (34,52), (34,61), (34,41), (34,48), (34,35), (34,36), (34,37), (34,38), (34,39), (34,42), (34,50), (34,58), (34,33), (34,32), (34,27), (34,26), (34,25), (34,20), (34,18), (34,16), (34,13), (34,10), (34,6), (34,2), (35,34), (36,34), (37,34), (38,34), (39,34), (41,34), (42,34), (43,34), (48,34), (50,34), (52,34), (58,34), (61,34), 
35: (3,35), (7,35), (8,35), (11,35), (14,35), (17,35), (19,35), (21,35), (26,35), (27,35), (28,35), (32,35), (33,35), (34,35), (35,44), (35,53), (35,62), (35,42), (35,49), (35,56), (35,36), (35,37), (35,38), (35,39), (35,43), (35,51), (35,59), (35,34), (35,33), (35,32), (35,28), (35,27), (35,26), (35,21), (35,19), (35,17), (35,14), (35,11), (35,8), (35,7), (35,3), (36,35), (37,35), (38,35), (39,35), (42,35), (43,35), (44,35), (49,35), (51,35), (53,35), (56,35), (59,35), (62,35), 
36: (0,36), (4,36), (9,36), (12,36), (15,36), (18,36), (20,36), (22,36), (27,36), (28,36), (29,36), (32,36), (33,36), (34,36), (35,36), (36,45), (36,54), (36,63), (36,43), (36,50), (36,57), (36,37), (36,38), (36,39), (36,44), (36,52), (36,60), (36,35), (36,34), (36,33), (36,32), (36,29), (36,28), (36,27), (36,22), (36,20), (36,18), (36,15), (36,12), (36,9), (36,4), (36,0), (37,36), (38,36), (39,36), (43,36), (44,36), (45,36), (50,36), (52,36), (54,36), (57,36), (60,36), (63,36), 
37: (1,37), (5,37), (10,37), (13,37), (19,37), (21,37), (23,37), (28,37), (29,37), (30,37), (32,37), (33,37), (34,37), (35,37), (36,37), (37,46), (37,55), (37,44), (37,51), (37,58), (37,38), (37,39), (37,45), (37,53), (37,61), (37,36), (37,35), (37,34), (37,33), (37,32), (37,30), (37,29), (37,28), (37,23), (37,21), (37,19), (37,13), (37,10), (37,5), (37,1), (38,37), (39,37), (44,37), (45,37), (46,37), (51,37), (53,37), (55,37), (58,37), (61,37), 
38: (2,38), (6,38), (11,38), (14,38), (20,38), (22,38), (29,38), (30,38), (31,38), (32,38), (33,38), (34,38), (35,38), (36,38), (37,38), (38,47), (38,45), (38,52), (38,59), (38,39), (38,46), (38,54), (38,62), (38,37), (38,36), (38,35), (38,34), (38,33), (38,32), (38,31), (38,30), (38,29), (38,22), (38,20), (38,14), (38,11), (38,6), (38,2), (39,38), (45,38), (46,38), (47,38), (52,38), (54,38), (59,38), (62,38), 
39: (3,39), (7,39), (12,39), (15,39), (21,39), (23,39), (30,39), (31,39), (32,39), (33,39), (34,39), (35,39), (36,39), (37,39), (38,39), (39,46), (39,53), (39,60), (39,47), (39,55), (39,63), (39,38), (39,37), (39,36), (39,35), (39,34), (39,33), (39,32), (39,31), (39,30), (39,23), (39,21), (39,15), (39,12), (39,7), (39,3), (46,39), (47,39), (53,39), (55,39), (60,39), (63,39), 
40: (0,40), (5,40), (8,40), (12,40), (16,40), (19,40), (24,40), (26,40), (32,40), (33,40), (40,49), (40,58), (40,41), (40,42), (40,43), (40,44), (40,45), (40,46), (40,47), (40,48), (40,56), (40,33), (40,32), (40,26), (40,24), (40,19), (40,16), (40,12), (40,8), (40,5), (40,0), (41,40), (42,40), (43,40), (44,40), (45,40), (46,40), (47,40), (48,40), (49,40), (56,40), (58,40), 
41: (1,41), (6,41), (9,41), (13,41), (17,41), (20,41), (25,41), (27,41), (32,41), (33,41), (34,41), (40,41), (41,50), (41,59), (41,48), (41,42), (41,43), (41,44), (41,45), (41,46), (41,47), (41,49), (41,57), (41,40), (41,34), (41,33), (41,32), (41,27), (41,25), (41,20), (41,17), (41,13), (41,9), (41,6), (41,1), (42,41), (43,41), (44,41), (45,41), (46,41), (47,41), (48,41), (49,41), (50,41), (57,41), (59,41), 
42: (2,42), (7,42), (10,42), (14,42), (18,42), (21,42), (24,42), (26,42), (28,42), (33,42), (34,42), (35,42), (40,42), (41,42), (42,51), (42,60), (42,49), (42,56), (42,43), (42,44), (42,45), (42,46), (42,47), (42,50), (42,58), (42,41), (42,40), (42,35), (42,34), (42,33), (42,28), (42,26), (42,24), (42,21), (42,18), (42,14), (42,10), (42,7), (42,2), (43,42), (44,42), (45,42), (46,42), (47,42), (49,42), (50,42), (51,42), (56,42), (58,42), (60,42), 
43: (3,43), (11,43), (15,43), (16,43), (19,43), (22,43), (25,43), (27,43), (29,43), (34,43), (35,43), (36,43), (40,43), (41,43), (42,43), (43,52), (43,61), (43,50), (43,57), (43,44), (43,45), (43,46), (43,47), (43,51), (43,59), (43,42), (43,41), (43,40), (43,36), (43,35), (43,34), (43,29), (43,27), (43,25), (43,22), (43,19), (43,16), (43,15), (43,11), (43,3), (44,43), (45,43), (46,43), (47,43), (50,43), (51,43), (52,43), (57,43), (59,43), (61,43), 
44: (4,44), (8,44), (12,44), (17,44), (20,44), (23,44), (26,44), (28,44), (30,44), (35,44), (36,44), (37,44), (40,44), (41,44), (42,44), (43,44), (44,53), (44,62), (44,51), (44,58), (44,45), (44,46), (44,47), (44,52), (44,60), (44,43), (44,42), (44,41), (44,40), (44,37), (44,36), (44,35), (44,30), (44,28), (44,26), (44,23), (44,20), (44,17), (44,12), (44,8), (44,4), (45,44), (46,44), (47,44), (51,44), (52,44), (53,44), (58,44), (60,44), (62,44), 
45: (0,45), (5,45), (9,45), (13,45), (18,45), (21,45), (27,45), (29,45), (31,45), (36,45), (37,45), (38,45), (40,45), (41,45), (42,45), (43,45), (44,45), (45,54), (45,63), (45,52), (45,59), (45,46), (45,47), (45,53), (45,61), (45,44), (45,43), (45,42), (45,41), (45,40), (45,38), (45,37), (45,36), (45,31), (45,29), (45,27), (45,21), (45,18), (45,13), (45,9), (45,5), (45,0), (46,45), (47,45), (52,45), (53,45), (54,45), (59,45), (61,45), (63,45), 
46: (1,46), (6,46), (10,46), (14,46), (19,46), (22,46), (28,46), (30,46), (37,46), (38,46), (39,46), (40,46), (41,46), (42,46), (43,46), (44,46), (45,46), (46,55), (46,53), (46,60), (46,47), (46,54), (46,62), (46,45), (46,44), (46,43), (46,42), (46,41), (46,40), (46,39), (46,38), (46,37), (46,30), (46,28), (46,22), (46,19), (46,14), (46,10), (46,6), (46,1), (47,46), (53,46), (54,46), (55,46), (60,46), (62,46), 
47: (2,47), (7,47), (11,47), (15,47), (20,47), (23,47), (29,47), (31,47), (38,47), (39,47), (40,47), (41,47), (42,47), (43,47), (44,47), (45,47), (46,47), (47,54), (47,61), (47,55), (47,63), (47,46), (47,45), (47,44), (47,43), (47,42), (47,41), (47,40), (47,39), (47,38), (47,31), (47,29), (47,23), (47,20), (47,15), (47,11), (47,7), (47,2), (54,47), (55,47), (61,47), (63,47), 
48: (0,48), (6,48), (8,48), (13,48), (16,48), (20,48), (24,48), (27,48), (32,48), (34,48), (40,48), (41,48), (48,57), (48,49), (48,50), (48,51), (48,52), (48,53), (48,54), (48,55), (48,56), (48,41), (48,40), (48,34), (48,32), (48,27), (48,24), (48,20), (48,16), (48,13), (48,8), (48,6), (48,0), (49,48), (50,48), (51,48), (52,48), (53,48), (54,48), (55,48), (56,48), (57,48), 
49: (1,49), (7,49), (9,49), (14,49), (17,49), (21,49), (25,49), (28,49), (33,49), (35,49), (40,49), (41,49), (42,49), (48,49), (49,58), (49,56), (49,50), (49,51), (49,52), (49,53), (49,54), (49,55), (49,57), (49,48), (49,42), (49,41), (49,40), (49,35), (49,33), (49,28), (49,25), (49,21), (49,17), (49,14), (49,9), (49,7), (49,1), (50,49), (51,49), (52,49), (53,49), (54,49), (55,49), (56,49), (57,49), (58,49), 
50: (2,50), (10,50), (15,50), (18,50), (22,50), (26,50), (29,50), (32,50), (34,50), (36,50), (41,50), (42,50), (43,50), (48,50), (49,50), (50,59), (50,57), (50,51), (50,52), (50,53), (50,54), (50,55), (50,58), (50,49), (50,48), (50,43), (50,42), (50,41), (50,36), (50,34), (50,32), (50,29), (50,26), (50,22), (50,18), (50,15), (50,10), (50,2), (51,50), (52,50), (53,50), (54,50), (55,50), (57,50), (58,50), (59,50), 
51: (3,51), (11,51), (19,51), (23,51), (24,51), (27,51), (30,51), (33,51), (35,51), (37,51), (42,51), (43,51), (44,51), (48,51), (49,51), (50,51), (51,60), (51,58), (51,52), (51,53), (51,54), (51,55), (51,59), (51,50), (51,49), (51,48), (51,44), (51,43), (51,42), (51,37), (51,35), (51,33), (51,30), (51,27), (51,24), (51,23), (51,19), (51,11), (51,3), (52,51), (53,51), (54,51), (55,51), (58,51), (59,51), (60,51), 
52: (4,52), (12,52), (16,52), (20,52), (25,52), (28,52), (31,52), (34,52), (36,52), (38,52), (43,52), (44,52), (45,52), (48,52), (49,52), (50,52), (51,52), (52,61), (52,59), (52,53), (52,54), (52,55), (52,60), (52,51), (52,50), (52,49), (52,48), (52,45), (52,44), (52,43), (52,38), (52,36), (52,34), (52,31), (52,28), (52,25), (52,20), (52,16), (52,12), (52,4), (53,52), (54,52), (55,52), (59,52), (60,52), (61,52), 
53: (5,53), (8,53), (13,53), (17,53), (21,53), (26,53), (29,53), (35,53), (37,53), (39,53), (44,53), (45,53), (46,53), (48,53), (49,53), (50,53), (51,53), (52,53), (53,62), (53,60), (53,54), (53,55), (53,61), (53,52), (53,51), (53,50), (53,49), (53,48), (53,46), (53,45), (53,44), (53,39), (53,37), (53,35), (53,29), (53,26), (53,21), (53,17), (53,13), (53,8), (53,5), (54,53), (55,53), (60,53), (61,53), (62,53), 
54: (0,54), (6,54), (9,54), (14,54), (18,54), (22,54), (27,54), (30,54), (36,54), (38,54), (45,54), (46,54), (47,54), (48,54), (49,54), (50,54), (51,54), (52,54), (53,54), (54,63), (54,61), (54,55), (54,62), (54,53), (54,52), (54,51), (54,50), (54,49), (54,48), (54,47), (54,46), (54,45), (54,38), (54,36), (54,30), (54,27), (54,22), (54,18), (54,14), (54,9), (54,6), (54,0), (55,54), (61,54), (62,54), (63,54), 
55: (1,55), (7,55), (10,55), (15,55), (19,55), (23,55), (28,55), (31,55), (37,55), (39,55), (46,55), (47,55), (48,55), (49,55), (50,55), (51,55), (52,55), (53,55), (54,55), (55,62), (55,63), (55,54), (55,53), (55,52), (55,51), (55,50), (55,49), (55,48), (55,47), (55,46), (55,39), (55,37), (55,31), (55,28), (55,23), (55,19), (55,15), (55,10), (55,7), (55,1), (62,55), (63,55), 
56: (0,56), (7,56), (8,56), (14,56), (16,56), (21,56), (24,56), (28,56), (32,56), (35,56), (40,56), (42,56), (48,56), (49,56), (56,57), (56,58), (56,59), (56,60), (56,61), (56,62), (56,63), (56,49), (56,48), (56,42), (56,40), (56,35), (56,32), (56,28), (56,24), (56,21), (56,16), (56,14), (56,8), (56,7), (56,0), (57,56), (58,56), (59,56), (60,56), (61,56), (62,56), (63,56), 
57: (1,57), (9,57), (15,57), (17,57), (22,57), (25,57), (29,57), (33,57), (36,57), (41,57), (43,57), (48,57), (49,57), (50,57), (56,57), (57,58), (57,59), (57,60), (57,61), (57,62), (57,63), (57,56), (57,50), (57,49), (57,48), (57,43), (57,41), (57,36), (57,33), (57,29), (57,25), (57,22), (57,17), (57,15), (57,9), (57,1), (58,57), (59,57), (60,57), (61,57), (62,57), (63,57), 
58: (2,58), (10,58), (18,58), (23,58), (26,58), (30,58), (34,58), (37,58), (40,58), (42,58), (44,58), (49,58), (50,58), (51,58), (56,58), (57,58), (58,59), (58,60), (58,61), (58,62), (58,63), (58,57), (58,56), (58,51), (58,50), (58,49), (58,44), (58,42), (58,40), (58,37), (58,34), (58,30), (58,26), (58,23), (58,18), (58,10), (58,2), (59,58), (60,58), (61,58), (62,58), (63,58), 
59: (3,59), (11,59), (19,59), (27,59), (31,59), (32,59), (35,59), (38,59), (41,59), (43,59), (45,59), (50,59), (51,59), (52,59), (56,59), (57,59), (58,59), (59,60), (59,61), (59,62), (59,63), (59,58), (59,57), (59,56), (59,52), (59,51), (59,50), (59,45), (59,43), (59,41), (59,38), (59,35), (59,32), (59,31), (59,27), (59,19), (59,11), (59,3), (60,59), (61,59), (62,59), (63,59), 
60: (4,60), (12,60), (20,60), (24,60), (28,60), (33,60), (36,60), (39,60), (42,60), (44,60), (46,60), (51,60), (52,60), (53,60), (56,60), (57,60), (58,60), (59,60), (60,61), (60,62), (60,63), (60,59), (60,58), (60,57), (60,56), (60,53), (60,52), (60,51), (60,46), (60,44), (60,42), (60,39), (60,36), (60,33), (60,28), (60,24), (60,20), (60,12), (60,4), (61,60), (62,60), (63,60), 
61: (5,61), (13,61), (16,61), (21,61), (25,61), (29,61), (34,61), (37,61), (43,61), (45,61), (47,61), (52,61), (53,61), (54,61), (56,61), (57,61), (58,61), (59,61), (60,61), (61,62), (61,63), (61,60), (61,59), (61,58), (61,57), (61,56), (61,54), (61,53), (61,52), (61,47), (61,45), (61,43), (61,37), (61,34), (61,29), (61,25), (61,21), (61,16), (61,13), (61,5), (62,61), (63,61), 
62: (6,62), (8,62), (14,62), (17,62), (22,62), (26,62), (30,62), (35,62), (38,62), (44,62), (46,62), (53,62), (54,62), (55,62), (56,62), (57,62), (58,62), (59,62), (60,62), (61,62), (62,63), (62,61), (62,60), (62,59), (62,58), (62,57), (62,56), (62,55), (62,54), (62,53), (62,46), (62,44), (62,38), (62,35), (62,30), (62,26), (62,22), (62,17), (62,14), (62,8), (62,6), (63,62), 
63: (0,63), (7,63), (9,63), (15,63), (18,63), (23,63), (27,63), (31,63), (36,63), (39,63), (45,63), (47,63), (54,63), (55,63), (56,63), (57,63), (58,63), (59,63), (60,63), (61,63), (62,63), (63,62), (63,61), (63,60), (63,59), (63,58), (63,57), (63,56), (63,55), (63,54), (63,47), (63,45), (63,39), (63,36), (63,31), (63,27), (63,23), (63,18), (63,15), (63,9), (63,7), (63,0), 
Trying with k = 32
searching in [0, 64]
found solution (current time 0.010328): 
Solution: 
0: 9
1: 7
2: 6
3: 11
4: 1
5: 8
6: 10
7: 5
8: 1
9: 3
10: 10
11: 2
12: 7
13: 4
14: 11
15: 9
16: 7
17: 2
18: 8
19: 4
20: 5
21: 1
22: 6
23: 3
24: 6
25: 4
26: 5
27: 1
28: 2
29: 3
30: 8
31: 7
32: 5
33: 9
34: 2
35: 3
36: 4
37: 11
38: 1
39: 6
40: 10
41: 11
42: 4
43: 5
44: 6
45: 2
46: 3
47: 8
48: 3
49: 6
50: 7
51: 10
52: 8
53: 12
54: 5
55: 1
56: 8
57: 12
58: 1
59: 6
60: 11
61: 9
62: 4
63: 10
Trying with k = 16
searching in [0, 32]
found solution (current time 0.017973): 
Solution: 
0: 9
1: 7
2: 6
3: 11
4: 1
5: 8
6: 10
7: 5
8: 1
9: 3
10: 10
11: 2
12: 7
13: 4
14: 11
15: 9
16: 7
17: 2
18: 8
19: 4
20: 5
21: 1
22: 6
23: 3
24: 6
25: 4
26: 5
27: 1
28: 2
29: 3
30: 8
31: 7
32: 5
33: 9
34: 2
35: 3
36: 4
37: 11
38: 1
39: 6
40: 10
41: 11
42: 4
43: 5
44: 6
45: 2
46: 3
47: 8
48: 3
49: 6
50: 7
51: 10
52: 8
53: 12
54: 5
55: 1
56: 8
57: 12
58: 1
59: 6
60: 11
61: 9
62: 4
63: 10
Trying with k = 8
searching in [0, 16]
not found
Took 10800 seconds
Visited 91364503 nodes
Tried 104295485 colors for the nodes
Time limit reached without finding a solution
