Reading instance from file benchmarks/myciel4.col
Number of nodes: 23
Number of edges: 71
Incidency list:
0: (0,1), (0,3), (0,6), (0,8), (0,12), (0,14), (0,17), (0,19), 
1: (0,1), (1,2), (1,5), (1,7), (1,11), (1,13), (1,16), (1,18), 
2: (1,2), (2,4), (2,6), (2,9), (2,12), (2,15), (2,17), (2,20), 
3: (0,3), (3,4), (3,5), (3,9), (3,11), (3,15), (3,16), (3,20), 
4: (2,4), (3,4), (4,7), (4,8), (4,13), (4,14), (4,18), (4,19), 
5: (1,5), (3,5), (5,10), (5,12), (5,14), (5,21), 
6: (0,6), (2,6), (6,10), (6,11), (6,13), (6,21), 
7: (1,7), (4,7), (7,10), (7,12), (7,15), (7,21), 
8: (0,8), (4,8), (8,10), (8,11), (8,15), (8,21), 
9: (2,9), (3,9), (9,10), (9,13), (9,14), (9,21), 
10: (5,10), (6,10), (7,10), (8,10), (9,10), (10,16), (10,17), (10,18), (10,19), (10,20), 
11: (1,11), (3,11), (6,11), (8,11), (11,22), 
12: (0,12), (2,12), (5,12), (7,12), (12,22), 
13: (1,13), (4,13), (6,13), (9,13), (13,22), 
14: (0,14), (4,14), (5,14), (9,14), (14,22), 
15: (2,15), (3,15), (7,15), (8,15), (15,22), 
16: (1,16), (3,16), (10,16), (16,22), 
17: (0,17), (2,17), (10,17), (17,22), 
18: (1,18), (4,18), (10,18), (18,22), 
19: (0,19), (4,19), (10,19), (19,22), 
20: (2,20), (3,20), (10,20), (20,22), 
21: (5,21), (6,21), (7,21), (8,21), (9,21), (21,22), 
22: (11,22), (12,22), (13,22), (14,22), (15,22), (16,22), (17,22), (18,22), (19,22), (20,22), (21,22), 
Trying with k = 11
searching in [0, 23]
found
Trying with k = 5
searching in [0, 11]
found
Trying with k = 2
searching in [0, 5]
not found
Trying with k = 3
searching in [2, 5]
not found
Trying with k = 4
searching in [3, 5]
not found
Took 0.440701 seconds
Visited 14710 nodes
Tried 17251 colors for the nodes
Solution: 
0: 2
1: 1
2: 2
3: 3
4: 1
5: 2
6: 4
7: 2
8: 3
9: 4
10: 1
11: 2
12: 3
13: 2
14: 3
15: 4
16: 2
17: 3
18: 2
19: 3
20: 4
21: 5
22: 1
