Reading instance from file benchmarks/queen6_6.col
Number of nodes: 36
Number of edges: 580
Incidency list:
0: (0,7), (0,14), (0,21), (0,28), (0,35), (0,1), (0,2), (0,3), (0,4), (0,5), (0,6), (0,12), (0,18), (0,24), (0,30), (1,0), (2,0), (3,0), (4,0), (5,0), (6,0), (7,0), (12,0), (14,0), (18,0), (21,0), (24,0), (28,0), (30,0), (35,0), 
1: (0,1), (1,8), (1,15), (1,22), (1,29), (1,6), (1,2), (1,3), (1,4), (1,5), (1,7), (1,13), (1,19), (1,25), (1,31), (1,0), (2,1), (3,1), (4,1), (5,1), (6,1), (7,1), (8,1), (13,1), (15,1), (19,1), (22,1), (25,1), (29,1), (31,1), 
2: (0,2), (1,2), (2,9), (2,16), (2,23), (2,7), (2,12), (2,3), (2,4), (2,5), (2,8), (2,14), (2,20), (2,26), (2,32), (2,1), (2,0), (3,2), (4,2), (5,2), (7,2), (8,2), (9,2), (12,2), (14,2), (16,2), (20,2), (23,2), (26,2), (32,2), 
3: (0,3), (1,3), (2,3), (3,10), (3,17), (3,8), (3,13), (3,18), (3,4), (3,5), (3,9), (3,15), (3,21), (3,27), (3,33), (3,2), (3,1), (3,0), (4,3), (5,3), (8,3), (9,3), (10,3), (13,3), (15,3), (17,3), (18,3), (21,3), (27,3), (33,3), 
4: (0,4), (1,4), (2,4), (3,4), (4,11), (4,9), (4,14), (4,19), (4,24), (4,5), (4,10), (4,16), (4,22), (4,28), (4,34), (4,3), (4,2), (4,1), (4,0), (5,4), (9,4), (10,4), (11,4), (14,4), (16,4), (19,4), (22,4), (24,4), (28,4), (34,4), 
5: (0,5), (1,5), (2,5), (3,5), (4,5), (5,10), (5,15), (5,20), (5,25), (5,30), (5,11), (5,17), (5,23), (5,29), (5,35), (5,4), (5,3), (5,2), (5,1), (5,0), (10,5), (11,5), (15,5), (17,5), (20,5), (23,5), (25,5), (29,5), (30,5), (35,5), 
6: (0,6), (1,6), (6,13), (6,20), (6,27), (6,34), (6,7), (6,8), (6,9), (6,10), (6,11), (6,12), (6,18), (6,24), (6,30), (6,1), (6,0), (7,6), (8,6), (9,6), (10,6), (11,6), (12,6), (13,6), (18,6), (20,6), (24,6), (27,6), (30,6), (34,6), 
7: (0,7), (1,7), (2,7), (6,7), (7,14), (7,21), (7,28), (7,35), (7,12), (7,8), (7,9), (7,10), (7,11), (7,13), (7,19), (7,25), (7,31), (7,6), (7,2), (7,1), (7,0), (8,7), (9,7), (10,7), (11,7), (12,7), (13,7), (14,7), (19,7), (21,7), (25,7), (28,7), (31,7), (35,7), 
8: (1,8), (2,8), (3,8), (6,8), (7,8), (8,15), (8,22), (8,29), (8,13), (8,18), (8,9), (8,10), (8,11), (8,14), (8,20), (8,26), (8,32), (8,7), (8,6), (8,3), (8,2), (8,1), (9,8), (10,8), (11,8), (13,8), (14,8), (15,8), (18,8), (20,8), (22,8), (26,8), (29,8), (32,8), 
9: (2,9), (3,9), (4,9), (6,9), (7,9), (8,9), (9,16), (9,23), (9,14), (9,19), (9,24), (9,10), (9,11), (9,15), (9,21), (9,27), (9,33), (9,8), (9,7), (9,6), (9,4), (9,3), (9,2), (10,9), (11,9), (14,9), (15,9), (16,9), (19,9), (21,9), (23,9), (24,9), (27,9), (33,9), 
10: (3,10), (4,10), (5,10), (6,10), (7,10), (8,10), (9,10), (10,17), (10,15), (10,20), (10,25), (10,30), (10,11), (10,16), (10,22), (10,28), (10,34), (10,9), (10,8), (10,7), (10,6), (10,5), (10,4), (10,3), (11,10), (15,10), (16,10), (17,10), (20,10), (22,10), (25,10), (28,10), (30,10), (34,10), 
11: (4,11), (5,11), (6,11), (7,11), (8,11), (9,11), (10,11), (11,16), (11,21), (11,26), (11,31), (11,17), (11,23), (11,29), (11,35), (11,10), (11,9), (11,8), (11,7), (11,6), (11,5), (11,4), (16,11), (17,11), (21,11), (23,11), (26,11), (29,11), (31,11), (35,11), 
12: (0,12), (2,12), (6,12), (7,12), (12,19), (12,26), (12,33), (12,13), (12,14), (12,15), (12,16), (12,17), (12,18), (12,24), (12,30), (12,7), (12,6), (12,2), (12,0), (13,12), (14,12), (15,12), (16,12), (17,12), (18,12), (19,12), (24,12), (26,12), (30,12), (33,12), 
13: (1,13), (3,13), (6,13), (7,13), (8,13), (12,13), (13,20), (13,27), (13,34), (13,18), (13,14), (13,15), (13,16), (13,17), (13,19), (13,25), (13,31), (13,12), (13,8), (13,7), (13,6), (13,3), (13,1), (14,13), (15,13), (16,13), (17,13), (18,13), (19,13), (20,13), (25,13), (27,13), (31,13), (34,13), 
14: (0,14), (2,14), (4,14), (7,14), (8,14), (9,14), (12,14), (13,14), (14,21), (14,28), (14,35), (14,19), (14,24), (14,15), (14,16), (14,17), (14,20), (14,26), (14,32), (14,13), (14,12), (14,9), (14,8), (14,7), (14,4), (14,2), (14,0), (15,14), (16,14), (17,14), (19,14), (20,14), (21,14), (24,14), (26,14), (28,14), (32,14), (35,14), 
15: (1,15), (3,15), (5,15), (8,15), (9,15), (10,15), (12,15), (13,15), (14,15), (15,22), (15,29), (15,20), (15,25), (15,30), (15,16), (15,17), (15,21), (15,27), (15,33), (15,14), (15,13), (15,12), (15,10), (15,9), (15,8), (15,5), (15,3), (15,1), (16,15), (17,15), (20,15), (21,15), (22,15), (25,15), (27,15), (29,15), (30,15), (33,15), 
16: (2,16), (4,16), (9,16), (10,16), (11,16), (12,16), (13,16), (14,16), (15,16), (16,23), (16,21), (16,26), (16,31), (16,17), (16,22), (16,28), (16,34), (16,15), (16,14), (16,13), (16,12), (16,11), (16,10), (16,9), (16,4), (16,2), (17,16), (21,16), (22,16), (23,16), (26,16), (28,16), (31,16), (34,16), 
17: (3,17), (5,17), (10,17), (11,17), (12,17), (13,17), (14,17), (15,17), (16,17), (17,22), (17,27), (17,32), (17,23), (17,29), (17,35), (17,16), (17,15), (17,14), (17,13), (17,12), (17,11), (17,10), (17,5), (17,3), (22,17), (23,17), (27,17), (29,17), (32,17), (35,17), 
18: (0,18), (3,18), (6,18), (8,18), (12,18), (13,18), (18,25), (18,32), (18,19), (18,20), (18,21), (18,22), (18,23), (18,24), (18,30), (18,13), (18,12), (18,8), (18,6), (18,3), (18,0), (19,18), (20,18), (21,18), (22,18), (23,18), (24,18), (25,18), (30,18), (32,18), 
19: (1,19), (4,19), (7,19), (9,19), (12,19), (13,19), (14,19), (18,19), (19,26), (19,33), (19,24), (19,20), (19,21), (19,22), (19,23), (19,25), (19,31), (19,18), (19,14), (19,13), (19,12), (19,9), (19,7), (19,4), (19,1), (20,19), (21,19), (22,19), (23,19), (24,19), (25,19), (26,19), (31,19), (33,19), 
20: (2,20), (5,20), (6,20), (8,20), (10,20), (13,20), (14,20), (15,20), (18,20), (19,20), (20,27), (20,34), (20,25), (20,30), (20,21), (20,22), (20,23), (20,26), (20,32), (20,19), (20,18), (20,15), (20,14), (20,13), (20,10), (20,8), (20,6), (20,5), (20,2), (21,20), (22,20), (23,20), (25,20), (26,20), (27,20), (30,20), (32,20), (34,20), 
21: (0,21), (3,21), (7,21), (9,21), (11,21), (14,21), (15,21), (16,21), (18,21), (19,21), (20,21), (21,28), (21,35), (21,26), (21,31), (21,22), (21,23), (21,27), (21,33), (21,20), (21,19), (21,18), (21,16), (21,15), (21,14), (21,11), (21,9), (21,7), (21,3), (21,0), (22,21), (23,21), (26,21), (27,21), (28,21), (31,21), (33,21), (35,21), 
22: (1,22), (4,22), (8,22), (10,22), (15,22), (16,22), (17,22), (18,22), (19,22), (20,22), (21,22), (22,29), (22,27), (22,32), (22,23), (22,28), (22,34), (22,21), (22,20), (22,19), (22,18), (22,17), (22,16), (22,15), (22,10), (22,8), (22,4), (22,1), (23,22), (27,22), (28,22), (29,22), (32,22), (34,22), 
23: (2,23), (5,23), (9,23), (11,23), (16,23), (17,23), (18,23), (19,23), (20,23), (21,23), (22,23), (23,28), (23,33), (23,29), (23,35), (23,22), (23,21), (23,20), (23,19), (23,18), (23,17), (23,16), (23,11), (23,9), (23,5), (23,2), (28,23), (29,23), (33,23), (35,23), 
24: (0,24), (4,24), (6,24), (9,24), (12,24), (14,24), (18,24), (19,24), (24,31), (24,25), (24,26), (24,27), (24,28), (24,29), (24,30), (24,19), (24,18), (24,14), (24,12), (24,9), (24,6), (24,4), (24,0), (25,24), (26,24), (27,24), (28,24), (29,24), (30,24), (31,24), 
25: (1,25), (5,25), (7,25), (10,25), (13,25), (15,25), (18,25), (19,25), (20,25), (24,25), (25,32), (25,30), (25,26), (25,27), (25,28), (25,29), (25,31), (25,24), (25,20), (25,19), (25,18), (25,15), (25,13), (25,10), (25,7), (25,5), (25,1), (26,25), (27,25), (28,25), (29,25), (30,25), (31,25), (32,25), 
26: (2,26), (8,26), (11,26), (12,26), (14,26), (16,26), (19,26), (20,26), (21,26), (24,26), (25,26), (26,33), (26,31), (26,27), (26,28), (26,29), (26,32), (26,25), (26,24), (26,21), (26,20), (26,19), (26,16), (26,14), (26,12), (26,11), (26,8), (26,2), (27,26), (28,26), (29,26), (31,26), (32,26), (33,26), 
27: (3,27), (6,27), (9,27), (13,27), (15,27), (17,27), (20,27), (21,27), (22,27), (24,27), (25,27), (26,27), (27,34), (27,32), (27,28), (27,29), (27,33), (27,26), (27,25), (27,24), (27,22), (27,21), (27,20), (27,17), (27,15), (27,13), (27,9), (27,6), (27,3), (28,27), (29,27), (32,27), (33,27), (34,27), 
28: (0,28), (4,28), (7,28), (10,28), (14,28), (16,28), (21,28), (22,28), (23,28), (24,28), (25,28), (26,28), (27,28), (28,35), (28,33), (28,29), (28,34), (28,27), (28,26), (28,25), (28,24), (28,23), (28,22), (28,21), (28,16), (28,14), (28,10), (28,7), (28,4), (28,0), (29,28), (33,28), (34,28), (35,28), 
29: (1,29), (5,29), (8,29), (11,29), (15,29), (17,29), (22,29), (23,29), (24,29), (25,29), (26,29), (27,29), (28,29), (29,34), (29,35), (29,28), (29,27), (29,26), (29,25), (29,24), (29,23), (29,22), (29,17), (29,15), (29,11), (29,8), (29,5), (29,1), (34,29), (35,29), 
30: (0,30), (5,30), (6,30), (10,30), (12,30), (15,30), (18,30), (20,30), (24,30), (25,30), (30,31), (30,32), (30,33), (30,34), (30,35), (30,25), (30,24), (30,20), (30,18), (30,15), (30,12), (30,10), (30,6), (30,5), (30,0), (31,30), (32,30), (33,30), (34,30), (35,30), 
31: (1,31), (7,31), (11,31), (13,31), (16,31), (19,31), (21,31), (24,31), (25,31), (26,31), (30,31), (31,32), (31,33), (31,34), (31,35), (31,30), (31,26), (31,25), (31,24), (31,21), (31,19), (31,16), (31,13), (31,11), (31,7), (31,1), (32,31), (33,31), (34,31), (35,31), 
32: (2,32), (8,32), (14,32), (17,32), (18,32), (20,32), (22,32), (25,32), (26,32), (27,32), (30,32), (31,32), (32,33), (32,34), (32,35), (32,31), (32,30), (32,27), (32,26), (32,25), (32,22), (32,20), (32,18), (32,17), (32,14), (32,8), (32,2), (33,32), (34,32), (35,32), 
33: (3,33), (9,33), (12,33), (15,33), (19,33), (21,33), (23,33), (26,33), (27,33), (28,33), (30,33), (31,33), (32,33), (33,34), (33,35), (33,32), (33,31), (33,30), (33,28), (33,27), (33,26), (33,23), (33,21), (33,19), (33,15), (33,12), (33,9), (33,3), (34,33), (35,33), 
34: (4,34), (6,34), (10,34), (13,34), (16,34), (20,34), (22,34), (27,34), (28,34), (29,34), (30,34), (31,34), (32,34), (33,34), (34,35), (34,33), (34,32), (34,31), (34,30), (34,29), (34,28), (34,27), (34,22), (34,20), (34,16), (34,13), (34,10), (34,6), (34,4), (35,34), 
35: (0,35), (5,35), (7,35), (11,35), (14,35), (17,35), (21,35), (23,35), (28,35), (29,35), (30,35), (31,35), (32,35), (33,35), (34,35), (35,34), (35,33), (35,32), (35,31), (35,30), (35,29), (35,28), (35,23), (35,21), (35,17), (35,14), (35,11), (35,7), (35,5), (35,0), 
Trying with k = 18
searching in [0, 36]
found
Trying with k = 9
searching in [0, 18]
found
Trying with k = 5
searching in [0, 9]
not found
Trying with k = 7
searching in [5, 9]
found
Trying with k = 6
searching in [5, 7]
not found
Took 44.1174 seconds
Visited 30612 nodes
Tried 52543 colors for the nodes
Solution: 
0: 7
1: 3
2: 5
3: 6
4: 4
5: 1
6: 6
7: 2
8: 4
9: 3
10: 5
11: 7
12: 3
13: 5
14: 1
15: 2
16: 6
17: 4
18: 1
19: 6
20: 3
21: 4
22: 7
23: 2
24: 5
25: 7
26: 2
27: 1
28: 3
29: 6
30: 4
31: 1
32: 6
33: 7
34: 2
35: 5
