Reading instance from file benchmarks/queen5_5.col
Number of nodes: 25
Number of edges: 320
Incidency list:
0: (0,6), (0,12), (0,18), (0,24), (0,1), (0,2), (0,3), (0,4), (0,5), (0,10), (0,15), (0,20), (1,0), (2,0), (3,0), (4,0), (5,0), (6,0), (10,0), (12,0), (15,0), (18,0), (20,0), (24,0), 
1: (0,1), (1,7), (1,13), (1,19), (1,5), (1,2), (1,3), (1,4), (1,6), (1,11), (1,16), (1,21), (1,0), (2,1), (3,1), (4,1), (5,1), (6,1), (7,1), (11,1), (13,1), (16,1), (19,1), (21,1), 
2: (0,2), (1,2), (2,8), (2,14), (2,6), (2,10), (2,3), (2,4), (2,7), (2,12), (2,17), (2,22), (2,1), (2,0), (3,2), (4,2), (6,2), (7,2), (8,2), (10,2), (12,2), (14,2), (17,2), (22,2), 
3: (0,3), (1,3), (2,3), (3,9), (3,7), (3,11), (3,15), (3,4), (3,8), (3,13), (3,18), (3,23), (3,2), (3,1), (3,0), (4,3), (7,3), (8,3), (9,3), (11,3), (13,3), (15,3), (18,3), (23,3), 
4: (0,4), (1,4), (2,4), (3,4), (4,8), (4,12), (4,16), (4,20), (4,9), (4,14), (4,19), (4,24), (4,3), (4,2), (4,1), (4,0), (8,4), (9,4), (12,4), (14,4), (16,4), (19,4), (20,4), (24,4), 
5: (0,5), (1,5), (5,11), (5,17), (5,23), (5,6), (5,7), (5,8), (5,9), (5,10), (5,15), (5,20), (5,1), (5,0), (6,5), (7,5), (8,5), (9,5), (10,5), (11,5), (15,5), (17,5), (20,5), (23,5), 
6: (0,6), (1,6), (2,6), (5,6), (6,12), (6,18), (6,24), (6,10), (6,7), (6,8), (6,9), (6,11), (6,16), (6,21), (6,5), (6,2), (6,1), (6,0), (7,6), (8,6), (9,6), (10,6), (11,6), (12,6), (16,6), (18,6), (21,6), (24,6), 
7: (1,7), (2,7), (3,7), (5,7), (6,7), (7,13), (7,19), (7,11), (7,15), (7,8), (7,9), (7,12), (7,17), (7,22), (7,6), (7,5), (7,3), (7,2), (7,1), (8,7), (9,7), (11,7), (12,7), (13,7), (15,7), (17,7), (19,7), (22,7), 
8: (2,8), (3,8), (4,8), (5,8), (6,8), (7,8), (8,14), (8,12), (8,16), (8,20), (8,9), (8,13), (8,18), (8,23), (8,7), (8,6), (8,5), (8,4), (8,3), (8,2), (9,8), (12,8), (13,8), (14,8), (16,8), (18,8), (20,8), (23,8), 
9: (3,9), (4,9), (5,9), (6,9), (7,9), (8,9), (9,13), (9,17), (9,21), (9,14), (9,19), (9,24), (9,8), (9,7), (9,6), (9,5), (9,4), (9,3), (13,9), (14,9), (17,9), (19,9), (21,9), (24,9), 
10: (0,10), (2,10), (5,10), (6,10), (10,16), (10,22), (10,11), (10,12), (10,13), (10,14), (10,15), (10,20), (10,6), (10,5), (10,2), (10,0), (11,10), (12,10), (13,10), (14,10), (15,10), (16,10), (20,10), (22,10), 
11: (1,11), (3,11), (5,11), (6,11), (7,11), (10,11), (11,17), (11,23), (11,15), (11,12), (11,13), (11,14), (11,16), (11,21), (11,10), (11,7), (11,6), (11,5), (11,3), (11,1), (12,11), (13,11), (14,11), (15,11), (16,11), (17,11), (21,11), (23,11), 
12: (0,12), (2,12), (4,12), (6,12), (7,12), (8,12), (10,12), (11,12), (12,18), (12,24), (12,16), (12,20), (12,13), (12,14), (12,17), (12,22), (12,11), (12,10), (12,8), (12,7), (12,6), (12,4), (12,2), (12,0), (13,12), (14,12), (16,12), (17,12), (18,12), (20,12), (22,12), (24,12), 
13: (1,13), (3,13), (7,13), (8,13), (9,13), (10,13), (11,13), (12,13), (13,19), (13,17), (13,21), (13,14), (13,18), (13,23), (13,12), (13,11), (13,10), (13,9), (13,8), (13,7), (13,3), (13,1), (14,13), (17,13), (18,13), (19,13), (21,13), (23,13), 
14: (2,14), (4,14), (8,14), (9,14), (10,14), (11,14), (12,14), (13,14), (14,18), (14,22), (14,19), (14,24), (14,13), (14,12), (14,11), (14,10), (14,9), (14,8), (14,4), (14,2), (18,14), (19,14), (22,14), (24,14), 
15: (0,15), (3,15), (5,15), (7,15), (10,15), (11,15), (15,21), (15,16), (15,17), (15,18), (15,19), (15,20), (15,11), (15,10), (15,7), (15,5), (15,3), (15,0), (16,15), (17,15), (18,15), (19,15), (20,15), (21,15), 
16: (1,16), (4,16), (6,16), (8,16), (10,16), (11,16), (12,16), (15,16), (16,22), (16,20), (16,17), (16,18), (16,19), (16,21), (16,15), (16,12), (16,11), (16,10), (16,8), (16,6), (16,4), (16,1), (17,16), (18,16), (19,16), (20,16), (21,16), (22,16), 
17: (2,17), (5,17), (7,17), (9,17), (11,17), (12,17), (13,17), (15,17), (16,17), (17,23), (17,21), (17,18), (17,19), (17,22), (17,16), (17,15), (17,13), (17,12), (17,11), (17,9), (17,7), (17,5), (17,2), (18,17), (19,17), (21,17), (22,17), (23,17), 
18: (0,18), (3,18), (6,18), (8,18), (12,18), (13,18), (14,18), (15,18), (16,18), (17,18), (18,24), (18,22), (18,19), (18,23), (18,17), (18,16), (18,15), (18,14), (18,13), (18,12), (18,8), (18,6), (18,3), (18,0), (19,18), (22,18), (23,18), (24,18), 
19: (1,19), (4,19), (7,19), (9,19), (13,19), (14,19), (15,19), (16,19), (17,19), (18,19), (19,23), (19,24), (19,18), (19,17), (19,16), (19,15), (19,14), (19,13), (19,9), (19,7), (19,4), (19,1), (23,19), (24,19), 
20: (0,20), (4,20), (5,20), (8,20), (10,20), (12,20), (15,20), (16,20), (20,21), (20,22), (20,23), (20,24), (20,16), (20,15), (20,12), (20,10), (20,8), (20,5), (20,4), (20,0), (21,20), (22,20), (23,20), (24,20), 
21: (1,21), (6,21), (9,21), (11,21), (13,21), (15,21), (16,21), (17,21), (20,21), (21,22), (21,23), (21,24), (21,20), (21,17), (21,16), (21,15), (21,13), (21,11), (21,9), (21,6), (21,1), (22,21), (23,21), (24,21), 
22: (2,22), (7,22), (10,22), (12,22), (14,22), (16,22), (17,22), (18,22), (20,22), (21,22), (22,23), (22,24), (22,21), (22,20), (22,18), (22,17), (22,16), (22,14), (22,12), (22,10), (22,7), (22,2), (23,22), (24,22), 
23: (3,23), (5,23), (8,23), (11,23), (13,23), (17,23), (18,23), (19,23), (20,23), (21,23), (22,23), (23,24), (23,22), (23,21), (23,20), (23,19), (23,18), (23,17), (23,13), (23,11), (23,8), (23,5), (23,3), (24,23), 
24: (0,24), (4,24), (6,24), (9,24), (12,24), (14,24), (18,24), (19,24), (20,24), (21,24), (22,24), (23,24), (24,23), (24,22), (24,21), (24,20), (24,19), (24,18), (24,14), (24,12), (24,9), (24,6), (24,4), (24,0), 
Trying with k = 12
searching in [0, 25]
found
Trying with k = 6
searching in [0, 12]
found
Trying with k = 3
searching in [0, 6]
not found
Trying with k = 4
searching in [3, 6]
not found
Trying with k = 5
searching in [4, 6]
found
Took 0.054937 seconds
Visited 99 nodes
Tried 124 colors for the nodes
Solution: 
0: 4
1: 1
2: 5
3: 2
4: 3
5: 5
6: 2
7: 3
8: 4
9: 1
10: 3
11: 4
12: 1
13: 5
14: 2
15: 1
16: 5
17: 2
18: 3
19: 4
20: 2
21: 3
22: 4
23: 1
24: 5
